Academic license - for non-commercial use only - expires 2022-09-27
Using license file C:\gurobi912\win64\gurobi.lic
SOLUÇÃO SEM ENTREGADORES OCASIONAIS -> 366
oc=[1, 2, 4, 7, 8, 9, 13], z = 372.12639999999993
oc=[1, 3, 4, 5, 6, 8, 10, 11], z = 335.4807441664
oc=[4, 9, 11, 12, 13], z = 350.43999999999994
oc=[10, 11, 5, 6], z = 325.496
oc=[1, 2, 4, 5, 9, 12, 13], z = 350.26118400000007
oc=[3, 12, 13, 7], z = 398.851
oc=[1, 5, 6, 8, 10, 11, 12], z = 334.584625771264
oc=[1, 3, 7, 8, 9, 10, 11, 12, 13], z = 342.1274056545436
oc=[1, 2, 3, 4, 5, 6, 8, 10, 12, 13], z = 364.1094935247013
oc=[1, 2, 5, 8, 10], z = 359.82
oc=[1, 4, 5, 6, 8, 9], z = 347.27957458944
oc=[3, 7, 8, 10, 12, 13], z = 410.07711199999994
oc=[3, 4, 5, 6, 10, 13], z = 361.75328739840006
oc=[2, 4, 5, 7, 12], z = 326.39332096
oc=[2, 3, 5, 7, 9, 10, 11, 13], z = 350.09705495040004
oc=[1, 2, 4, 5, 6, 7, 8, 13], z = 345.068779406592
oc=[6, 7, 8, 9, 13], z = 383.9144
oc=[4, 5, 8, 9, 10, 12], z = 348.5072639999999
oc=[2, 5, 6, 9, 10, 13], z = 380.38480384
oc=[2, 3, 7, 8, 9, 11, 13], z = 368.34392352
oc=[2, 5, 6, 7, 8, 9, 10, 11, 13], z = 358.196695700224
oc=[2, 7, 8, 9, 10, 11], z = 363.643424
oc=[1, 3, 5, 7, 9, 10, 11, 12, 13], z = 321.06142878537247
oc=[2, 4, 6, 9, 10, 11], z = 343.29228800000004
oc=[3, 6, 7, 11, 12], z = 347.06999999999994
oc=[1, 2, 3, 7, 9, 10, 13], z = 393.00266677312
oc=[1, 4, 6, 7, 9, 10, 11, 13], z = 379.07680000000005
oc=[1, 3, 4, 5, 6, 9, 11, 13], z = 295.09279925851587
oc=[1, 2, 3, 4, 5, 9, 12, 13], z = 320.47868459136
oc=[3, 4, 7, 9, 12], z = 388.57000000000005
oc=[1, 5, 6, 9, 10, 12, 13], z = 395.55445139200003
oc=[5, 6, 8, 9, 11, 12], z = 335.8288935936
oc=[1, 2, 3, 4, 8, 9, 13], z = 365.69142945664
oc=[2, 3, 7, 12, 13], z = 388.5862
oc=[1, 3, 5, 6, 8, 10, 11, 13], z = 345.78899725598876
oc=[3, 5, 6, 7, 10], z = 375.96039999999994
oc=[1, 3, 4, 6, 11, 13], z = 335.22526
oc=[11, 3, 12, 13], z = 356.991
oc=[1, 3, 4, 8, 9], z = 374.80972233600005
oc=[2, 4, 7, 8, 9, 10, 13], z = 375.5064
oc=[4, 5, 6, 8, 9, 11, 12], z = 322.98025591961596
oc=[1, 5, 6, 9, 11], z = 334.67535424000005
oc=[3, 4, 5, 9, 11, 12, 13], z = 324.6397429504
oc=[8, 1, 2, 12], z = 379.1
oc=[1, 2, 3, 10, 11], z = 362.6956
oc=[3, 4, 5, 6, 10, 11, 12], z = 315.58888597145597
oc=[3, 5, 6, 8, 9, 11], z = 334.3588935936
oc=[1, 2, 3, 4, 10, 11, 12, 13], z = 325.29452208
oc=[1, 3, 4, 6, 9, 13], z = 373.64523483007997
oc=[3, 4, 5, 6, 8, 9, 11, 13], z = 332.20550370445096
oc=[1, 2, 4, 5, 7, 8, 9, 11, 13], z = 318.2637849344
oc=[1, 2, 3, 5, 6, 8, 9, 12], z = 373.09504423616005
oc=[1, 5, 6, 7, 8, 9, 10, 13], z = 396.9952238156801
oc=[1, 2, 3, 5, 6, 7, 9, 12], z = 378.9503420418656
oc=[2, 3, 5, 6, 9, 12], z = 372.02875200000005
oc=[1, 3, 4, 5, 8, 9, 10, 13], z = 334.97282668487685
oc=[1, 2, 5, 8, 9, 10, 12, 13], z = 386.94412416
oc=[1, 2, 3, 5, 6, 8, 9, 12], z = 373.09504423616005
oc=[6, 8, 9, 10, 11, 12, 13], z = 355.0816693035521
oc=[5, 6, 9, 10, 12, 13], z = 387.23920383999996
oc=[2, 3, 4, 5, 6, 9, 10, 12, 13], z = 361.4500214372557
oc=[1, 4, 9, 10, 11, 13], z = 362.74559999999997
oc=[2, 3, 4, 5, 7, 8, 9, 10, 11, 12], z = 313.7904328085299
oc=[2, 6, 8, 9, 10, 12, 13], z = 392.7288
oc=[2, 4, 6, 7, 8, 9, 11], z = 335.8233179199999
oc=[1, 2, 3, 6, 7, 9, 12], z = 396.45077034888004
oc=[4, 6, 7, 8, 9, 10, 13], z = 398.9656
oc=[8, 9, 12], z = 383.4
oc=[1, 6, 8, 9, 10, 11, 12, 13], z = 364.58166930355196
oc=[1, 2, 3, 4, 5, 8, 9, 10, 11, 12, 13], z = 274.0287026829366
oc=[4, 6, 9, 10, 13], z = 391.2712
oc=[1, 3, 8, 9, 10, 11, 13], z = 354.8258264144
oc=[1, 5, 9, 10, 11, 12, 13], z = 342.22085248
oc=[8, 10, 5, 6], z = 353.31039999999996
oc=[4, 5, 8, 9, 10], z = 341.65286399999997
oc=[1, 5, 6, 9, 10, 11, 13], z = 356.65513358528
oc=[1, 5, 8, 10, 13], z = 372.0544
oc=[2, 6, 10, 11, 13], z = 342.68559999999997
oc=[1, 3, 6, 8, 10, 11, 12, 13], z = 340.73082676498177
oc=[1, 3, 4, 9, 10, 11, 12, 13], z = 340.36987483050854
oc=[1, 2, 3, 4, 8, 9, 10, 13], z = 378.57142945664
oc=[1, 3, 8, 9, 10, 13], z = 389.04485795200003
oc=[4, 5, 6, 7, 9, 11, 12], z = 328.3151275903999
oc=[3, 4, 6, 7, 9, 12], z = 393.98120000000006
oc=[2, 3, 6, 8, 9, 10, 11, 13], z = 365.60929411840004
oc=[6, 9, 10, 11, 13], z = 356.48560000000003
oc=[3, 4, 5, 6, 8, 10, 11, 12], z = 322.8069609097011
oc=[2, 3, 4, 7, 8, 9, 10, 11], z = 345.31022399999995
oc=[1, 2, 4, 5, 9, 10, 11, 12, 13], z = 317.96695400960004
oc=[2, 3, 8, 9, 10, 11, 13], z = 379.84929411840005
oc=[1, 2, 3, 4, 6, 8, 9, 10, 13], z = 388.2059171643905
oc=[4, 7, 8, 9, 11, 12], z = 352.0152
oc=[2, 3, 5, 7, 9, 11], z = 332.052656
oc=[2, 5, 7, 10, 11, 13], z = 338.33731199999994
oc=[1, 2, 3, 4, 6, 7, 8, 9, 12, 13], z = 386.16581553757624
oc=[1, 2, 3, 4, 6, 7, 8, 9, 10, 13], z = 390.6594861241822
oc=[2, 3, 6, 9, 11, 13], z = 348.15099999999995
oc=[2, 3, 5, 6, 7, 9, 11, 12], z = 347.13276815999996
oc=[1, 4, 5, 6, 9, 12, 13], z = 362.84865788416005
oc=[3, 4, 5, 6, 7, 8, 9, 11, 12], z = 340.8302559196159
oc=[1, 4, 5, 6, 7, 11], z = 325.09350015999996
oc=[9, 13], z = 390.46
oc=[2, 6, 9, 11, 13], z = 345.28
oc=[1, 3, 5, 7, 9], z = 366.79137840000004
oc=[2, 4, 5, 6, 7, 9], z = 324.3739129152
oc=[8, 9, 13, 6], z = 372.99440000000004
oc=[9, 10, 3, 13], z = 406.211
oc=[2, 3, 4, 6, 7, 9, 11, 12, 13], z = 356.43911792000006
oc=[2, 3, 4, 5, 6, 7, 8, 9, 11], z = 311.5605463500083
oc=[1, 2, 4, 5, 6, 7, 8, 9, 11, 12, 13], z = 333.3363502346733
oc=[2, 4, 7, 8, 9, 12], z = 358.79200000000003
oc=[1, 5, 6, 7, 11, 12], z = 343.1104
oc=[1, 2, 4, 6, 7, 8, 9, 11, 13], z = 357.55771791999996
oc=[1, 2, 3, 4, 7, 8, 9, 11, 12], z = 351.2623879328406
oc=[1, 3, 4, 8, 11, 13], z = 337.27600854912004
oc=[2, 3, 4, 7, 8, 9, 11, 12, 13], z = 351.48072351999997
oc=[2, 4, 5, 7, 9], z = 323.69732096
oc=[1, 2, 4, 7, 8, 9, 11, 12], z = 343.46719999999993
oc=[8, 3, 5, 7], z = 355.28999999999996
oc=[2, 4, 7, 8, 9, 13], z = 362.62640000000005
oc=[9, 3, 7], z = 397.65000000000003
oc=[2, 3, 5, 6, 7, 8, 9, 11], z = 340.0787459136
oc=[1, 2, 3, 4, 7, 8, 9, 11], z = 342.86238793284065
oc=[1, 2, 6, 11, 12, 13], z = 349.38
oc=[1, 2, 6, 7, 8, 9, 12, 13], z = 396.11743600000005
oc=[1, 2, 4, 8, 9, 11, 13], z = 346.64639999999997
oc=[1, 3, 4, 5, 6, 8, 9, 13], z = 313.6689799872809
oc=[1, 3, 4, 6, 7, 9, 12], z = 404.331231424
oc=[2, 3, 4, 5, 6, 7, 9, 12], z = 339.70391291519996
oc=[4, 5, 6, 7, 8, 9, 12], z = 358.5347894272
oc=[3, 4, 5, 8, 9, 11, 12, 13], z = 329.9889772380161
oc=[4, 5, 7, 8, 11, 12], z = 314.4552
oc=[1, 2, 5, 6, 7, 9, 11], z = 340.39520655999996
oc=[1, 5, 6, 9, 11, 13], z = 345.44953358527994
oc=[5, 3, 13], z = 355.77099999999996
oc=[3, 6, 7, 9, 11, 12], z = 360.87
oc=[1, 3, 5, 7, 8, 9], z = 368.969223648
oc=[1, 2, 4, 8, 9, 12], z = 367.6368
oc=[2, 3, 6, 7, 8, 9], z = 372.91303600000003
oc=[2, 3, 6, 7, 9, 11], z = 346.77303600000005
oc=[2, 3, 6, 7, 8, 9, 11], z = 348.08823600000005
oc=[2, 3, 6, 7, 8, 9, 11, 12], z = 356.48823600000003
oc=[2, 5, 6, 7, 8, 9, 11, 12, 13], z = 353.7836717002241
oc=[4, 5, 6, 7, 8, 9], z = 350.13478942719996
oc=[1, 11, 5, 7], z = 331.71999999999997
oc=[2, 4, 5, 7, 8, 9, 12], z = 330.40618495999996
oc=[3, 4, 5, 7, 9, 12, 13], z = 365.95721056
oc=[2, 12, 13, 6], z = 370.82000000000005
oc=[1, 2, 3, 5, 7, 8, 10, 11, 12, 13], z = 333.94735054050557
oc=[1, 4, 5, 10, 11], z = 314.52560000000005
oc=[1, 2, 3, 5, 7, 9], z = 361.22072481696
oc=[1, 2, 5, 7, 10, 13], z = 380.45171199999993
oc=[2, 4, 7, 8, 12, 13], z = 357.2264
oc=[8, 3, 13, 7], z = 390.342712
oc=[3, 5, 6, 10, 13], z = 371.6414
oc=[8, 10, 2, 13], z = 386.31440000000003
oc=[1, 4, 5, 6, 11, 12, 13], z = 333.3398524544
oc=[1, 2, 3, 11, 13], z = 347.29406
oc=[1, 3, 4, 5, 6, 12, 13], z = 355.9763473984
oc=[1, 2, 4, 7, 8, 12], z = 354.49199999999996
oc=[1, 2, 4, 5, 6, 11, 12, 13], z = 324.3885982272
oc=[8, 4, 7], z = 354.64
oc=[1, 2, 4, 5, 7, 8, 9, 13], z = 342.96304512000006
oc=[3, 13, 6], z = 365.29100000000005
oc=[3, 5, 7, 8, 9, 11, 12], z = 347.79594176
oc=[9, 4, 1, 7], z = 382.74
oc=[2, 3, 4, 7, 8, 9, 11], z = 332.4972
oc=[2, 4, 5, 6, 7, 9, 11], z = 298.338500026624
oc=[2, 4, 7, 11, 12], z = 318.85200000000003
oc=[4, 7, 8, 9, 11, 12, 13], z = 364.2496
oc=[2, 3, 5, 7, 9, 11], z = 332.052656
oc=[1, 3, 8, 11, 12, 13], z = 359.32508148607997
oc=[2, 3, 4, 7, 8, 9, 12, 13], z = 377.014712
oc=[1, 2, 4, 5, 9, 12, 13], z = 350.26118400000007
oc=[1, 3, 4, 8, 9, 11, 13], z = 342.0720205101312
oc=[5, 6, 7, 8, 9, 12], z = 371.56072703999996
oc=[1, 2, 3, 7, 8, 9, 12], z = 401.34045067232
oc=[3, 6, 9, 11, 12], z = 349.95
oc=[2, 5, 6, 9, 11, 12], z = 334.48291584
oc=[11, 9, 3, 1], z = 365.99951319999997
oc=[1, 2, 5, 9, 13], z = 367.12438399999996
oc=[8, 9, 13, 1], z = 396.73440000000005
oc=[1, 3, 4, 9, 10, 11, 13], z = 347.79289046208
oc=[1, 2, 4, 5, 6, 8, 9, 10, 11, 13], z = 337.18325029867935
oc=[1, 3, 5, 8, 9, 10, 11, 13], z = 316.82367144190255
oc=[1, 2, 3, 5, 9, 10, 11, 12, 13], z = 310.14142878537245
oc=[1, 3, 6, 11, 13], z = 333.05406000000005
oc=[3, 4, 6, 8, 9, 10, 12], z = 389.59560000000005
oc=[1, 4, 7, 9, 10, 11, 12], z = 355.06366208
oc=[1, 7, 8, 9, 10, 11], z = 383.408224
oc=[1, 3, 5, 7, 9, 11, 12, 13], z = 325.55558368384004
oc=[2, 7, 8, 9, 11, 13], z = 363.0647999999999
oc=[1, 7, 8, 9, 12, 13], z = 416.05439999999993
oc=[4, 5, 9, 10, 12], z = 350.1984
oc=[1, 2, 4, 5, 6, 8, 9, 10, 11, 12], z = 321.82357209089076
oc=[1, 3, 4, 5, 9, 10, 13], z = 332.74188459136
oc=[1, 2, 5, 6, 8, 11], z = 325.1055999999999
oc=[2, 4, 5, 6, 7, 8, 9, 10], z = 342.1391628655514
oc=[1, 4, 9, 10, 11, 12, 13], z = 354.80366208
oc=[1, 8, 11, 12, 13], z = 366.50960000000003
oc=[1, 4, 13, 7], z = 379.6
oc=[4, 5, 7, 8, 10, 11, 13], z = 331.102624
oc=[1, 4, 5, 7, 8, 10, 12, 13], z = 372.34880000000004
oc=[2, 3, 12, 13], z = 387.93100000000004
oc=[1, 2, 4, 6, 8, 10, 13], z = 379.04108799999995
oc=[1, 2, 4, 6, 8, 12, 13], z = 374.561088
oc=[2, 3, 4, 7, 8, 10, 12, 13], z = 374.5491119999999
oc=[1, 2, 5, 11, 12, 13], z = 339.86
oc=[1, 2, 4, 5, 8, 11, 12, 13], z = 317.4864
oc=[1, 2, 3, 5, 6, 8, 12, 13], z = 370.9222849411584
oc=[1, 3, 4, 12, 13], z = 369.15405999999996
oc=[3, 4, 5, 10, 11, 13], z = 318.5566
oc=[4, 5, 10, 11, 13], z = 315.68559999999997
oc=[3, 4, 5, 6, 10, 11, 12, 13], z = 322.401527037312
oc=[2, 3, 4, 6, 8, 10, 13], z = 375.5294
oc=[3, 4, 5, 7, 8, 13], z = 349.102712
oc=[3, 4, 5, 6, 7, 8, 11, 13], z = 334.67970932903427
oc=[1, 3, 4, 5, 6, 7, 8, 11, 12, 13], z = 344.2659973462718
oc=[13, 7], z = 387.58000000000004
oc=[10, 2, 13, 6], z = 375.3
oc=[8, 5, 13, 7], z = 360.59439999999995
oc=[2, 4, 5, 7, 11, 13], z = 297.71332096
oc=[2, 12, 13, 7], z = 385.71520000000004
oc=[4, 5, 6, 8, 12, 13], z = 351.63927664639994
oc=[3, 4, 6, 12, 13], z = 375.86220000000003
oc=[1, 5, 6, 7, 10, 12, 13], z = 396.0448
oc=[1, 2, 3, 5, 7, 12, 13], z = 368.04577199999994
oc=[1, 2, 3, 4, 5, 10, 13], z = 342.09086
oc=[1, 5, 8, 10, 13], z = 372.0544
oc=[1, 3, 5, 8, 12, 13], z = 367.79904630144006
oc=[1, 2, 4, 10, 13], z = 373.7768
oc=[2, 3, 4, 6, 11, 12, 13], z = 340.217688
oc=[2, 3, 5, 11, 12, 13], z = 333.231
oc=[2, 4, 5, 12, 13], z = 336.03679999999997
oc=[2, 5, 8, 11, 13], z = 324.8496
oc=[2, 3, 4, 8, 11, 12, 13], z = 337.02552352
oc=[8, 12, 5, 6], z = 348.8304
oc=[2, 3, 4, 6, 12, 13], z = 371.157688
oc=[1, 4, 6, 7, 8, 12, 13], z = 390.18559999999997
oc=[2, 3, 4, 11, 12, 13], z = 331.72779999999995
oc=[4, 6, 8, 12, 13], z = 369.76560000000006
oc=[3, 4, 7, 10, 11, 12, 13], z = 345.29466208
oc=[4, 6, 7, 10, 11, 12, 13], z = 348.4857884288
oc=[2, 5, 6, 7, 10, 13], z = 374.49025231999997
oc=[1, 2, 3, 4, 8, 12, 13], z = 366.34559860096
oc=[2, 3, 7, 10, 13], z = 393.0662
oc=[3, 4, 5, 6, 7, 8, 12, 13], z = 368.594383655936
oc=[10, 3, 4, 13], z = 374.93100000000004
oc=[2, 5, 6, 8, 11, 12, 13], z = 336.24
oc=[2, 4, 6, 11, 12, 13], z = 337.346688
oc=[2, 3, 4, 8, 12, 13], z = 362.55951200000004
oc=[1, 5, 11, 13], z = 331.46
oc=[5, 3, 12, 13], z = 364.171
oc=[2, 8, 11, 12, 13], z = 357.0096
oc=[1, 2, 3, 8, 11], z = 352.8052
oc=[2, 3, 4, 5, 13], z = 330.50780000000003
oc=[3, 5, 8, 12, 13], z = 364.06271200000003
oc=[2, 4, 12, 13], z = 359.79679999999996
oc=[2, 3, 4, 6, 11, 12], z = 333.61668800000007
oc=[3, 5, 6, 11, 12, 13], z = 336.22139999999996
oc=[1, 2, 3, 4, 5, 8, 13], z = 334.2851032000001
oc=[1, 3, 5, 6, 7, 8, 11], z = 342.9556
oc=[2, 4, 5, 6, 8, 12, 13], z = 342.78961912320005
oc=[3, 8, 11, 12, 13], z = 362.28872351999996
oc=[5, 6, 8, 11, 13], z = 327.84000000000003
oc=[8, 2, 11, 6], z = 322.13519999999994
oc=[3, 4, 11, 12, 13], z = 339.51099999999997
oc=[2, 4, 5, 6, 12, 13], z = 342.43209792000005
oc=[1, 4, 8, 9, 10, 13], z = 392.1344
oc=[2, 3, 4, 8, 9, 10, 13], z = 380.839512
oc=[2, 4, 5, 6, 8, 9, 13], z = 341.45623887769597
oc=[11, 9, 3, 13], z = 362.391
oc=[9, 11, 12, 5], z = 328.35094399999997
oc=[9, 2, 4, 13], z = 365.19680000000005
oc=[1, 4, 5, 7, 8, 11, 12], z = 323.9552
oc=[2, 3, 4, 9, 12], z = 369.8668
oc=[3, 4, 5, 6, 9, 12], z = 350.50846528
oc=[8, 9, 3, 11], z = 357.1052
oc=[1, 2, 5, 6, 11, 13], z = 334.45039999999995
oc=[2, 4, 5, 6, 8, 9, 12, 13], z = 349.856238877696
oc=[2, 4, 5, 6, 8, 9, 12], z = 337.56872911769597
oc=[3, 5, 6, 8, 12, 13], z = 367.05311199999994
oc=[2, 3, 5, 12, 13], z = 364.17100000000005
oc=[2, 3, 5, 6, 8, 11, 12, 13], z = 341.51912352
oc=[2, 4, 8, 11, 12, 13], z = 331.7464
oc=[2, 6, 8, 9, 11, 13], z = 348.16959999999995
oc=[1, 2, 3, 4, 11, 12], z = 334.6268
oc=[3, 5, 6, 9, 11, 12], z = 341.41291584
oc=[8, 9, 4, 1], z = 367.02
oc=[2, 4, 6, 8, 9, 11], z = 333.401888
oc=[9, 12, 4], z = 370.71999999999997
oc=[1, 2, 5, 9, 10, 13], z = 380.00438399999996
oc=[2, 5, 6, 9, 11, 12], z = 334.48291584
oc=[3, 4, 5, 6, 8, 9, 11], z = 321.510255919616
oc=[1, 2, 3, 5, 8, 9, 12, 13], z = 345.0418106634753
oc=[3, 4, 5, 6, 8, 9, 11, 12], z = 329.910255919616
oc=[2, 3, 4, 5, 12, 13], z = 338.9078
oc=[2, 3, 4, 5, 9, 11, 13], z = 308.45654295040003
oc=[5, 3, 13], z = 355.77099999999996
oc=[8, 9, 2, 12], z = 383.4
oc=[2, 5, 7, 9, 11, 12], z = 333.522656
oc=[2, 6, 7, 8, 9, 12], z = 374.383036
oc=[4, 6, 8, 9, 11, 12], z = 346.50640000000004
oc=[8, 9, 4, 6], z = 362.9312
oc=[9, 12, 5], z = 356.344
oc=[2, 3, 4, 7, 8], z = 343.522
oc=[2, 5, 6, 9, 11, 13], z = 336.7560605056
oc=[2, 3, 5, 11, 12, 13], z = 333.231
oc=[2, 3, 5, 12, 13], z = 364.17100000000005
oc=[2, 3, 5, 11, 12, 13], z = 333.231
oc=[3, 4, 5, 6, 9, 11, 12], z = 324.32512759040003
oc=[2, 3, 4, 6, 9], z = 369.956688
oc=[9, 2, 1], z = 389.3
oc=[9, 12, 5, 7], z = 367.26399999999995
oc=[3, 4, 5, 6, 7, 8, 9, 10, 13], z = 381.38624125837305
oc=[3, 4, 6, 9, 11], z = 343.72120000000007
oc=[8, 9, 2, 5], z = 346.252864
oc=[8, 9, 3, 4], z = 364.45
oc=[2, 6, 8, 9, 12], z = 369.16
oc=[2, 7, 8, 9, 11, 12], z = 359.2303999999999
oc=[2, 4, 7, 9, 12], z = 363.592
oc=[3, 5, 8, 9, 11, 12, 13], z = 347.46897723801595
oc=[2, 5, 7, 8, 9, 12], z = 359.824576
oc=[1, 3, 5, 6, 7, 9, 11, 12], z = 357.4786429456001
oc=[2, 4, 12, 13], z = 359.79679999999996
oc=[3, 4, 8, 9, 13], z = 375.7427120000001
oc=[3, 7, 9, 11, 12, 13], z = 381.711
oc=[2, 3, 4, 6, 9, 13], z = 376.5576880000001
oc=[1, 2, 5, 6, 8, 9, 10, 11, 13], z = 361.20622710341115
oc=[1, 2, 4, 5, 6, 9, 10, 13], z = 356.52834364416003
oc=[1, 3, 4, 5, 8, 9, 10, 11, 13], z = 301.2267981746544
oc=[1, 3, 4, 6, 9, 10, 11, 12, 13], z = 346.679399151356
oc=[3, 4, 5, 6, 8, 9, 10], z = 359.0247894272
oc=[1, 3, 6, 11, 13], z = 333.05406000000005
oc=[1, 2, 4, 9, 10, 13], z = 387.57680000000005
oc=[1, 4, 5, 9, 10, 13], z = 362.524384
oc=[1, 3, 4, 5, 6, 9, 10, 13], z = 337.7764137868544
oc=[1, 2, 5, 8, 9, 10, 11, 12, 13], z = 349.2739960483839
oc=[1, 2, 4], z = 350.2368
oc=[4, 7, 8, 9, 10, 11], z = 356.428224
oc=[2, 3, 5, 8, 11, 12, 13], z = 338.52872352
oc=[1, 4, 5, 6, 8, 9, 10, 11, 13], z = 347.79168493963675
oc=[1, 2, 3, 4, 5, 6, 8, 9, 10, 11, 12, 13], z = 248.09565339296233
oc=[4, 5, 6, 8, 12, 13], z = 351.63927664639994
oc=[1, 3, 5, 6, 8, 9, 10, 13], z = 357.96175212044807
oc=[2, 3, 4, 5, 7, 12], z = 333.32332096
oc=[2, 4, 6, 8, 9, 10, 11, 12], z = 342.9389626741761
oc=[1, 5, 9, 10, 13], z = 380.004384
oc=[3, 5, 9, 10, 11, 13], z = 344.92534295039997
oc=[2, 4, 5, 6, 8, 9, 10, 11, 13], z = 329.6762874101555
oc=[2, 13, 6], z = 362.42
oc=[1, 4, 5, 8, 9, 10, 12, 13], z = 369.46412416
oc=[4, 5, 9, 10, 11, 12, 13], z = 317.15771560959996
oc=[6, 9, 10, 11, 12, 13], z = 348.26939536
oc=[2, 3, 4, 5, 7, 8, 9, 10, 12], z = 348.6705849599999
oc=[2, 3, 4, 11, 12, 13], z = 331.72779999999995
oc=[2, 3, 4, 12, 13], z = 362.6678
oc=[2, 3, 4, 11, 12, 13], z = 331.72779999999995
oc=[3, 4, 6, 8, 9, 10, 11, 13], z = 367.7804941184001
oc=[1, 2, 4, 5, 6, 9, 10, 11, 13], z = 329.88147459594234
oc=[1, 2, 4, 6, 8, 9, 10, 13], z = 392.841088
oc=[3, 6, 8, 9, 10, 13], z = 391.862712
oc=[1, 4, 5, 6, 9, 10, 11, 13], z = 340.5338640349184
oc=[1, 4, 5, 6, 8, 9, 10, 11, 13], z = 347.79168493963675
oc=[3, 6, 9, 10, 12, 13], z = 398.82539999999995
oc=[1, 2, 4, 6, 7, 8, 9, 10, 11, 13], z = 370.37074192
oc=[3, 4, 5, 6, 7, 8, 9, 12, 13], z = 376.90624125837303
oc=[9, 5, 13, 1], z = 367.12438399999996
oc=[1, 2, 4, 6, 9, 10, 11, 12, 13], z = 356.1612764288001
oc=[1, 2, 5, 6, 8, 9, 10, 12, 13], z = 392.92962381568003
oc=[3, 4, 5, 6, 9, 13], z = 352.427961059328
oc=[2, 3, 8, 9, 13], z = 393.222712
oc=[1, 5, 8, 9, 10, 11, 12, 13], z = 349.27399604838405
oc=[1, 4, 6, 8, 9, 10, 11, 12, 13], z = 368.25606606678014
oc=[1, 2, 4, 6, 7, 9, 11, 12, 13], z = 363.0681179200001
oc=[1, 2, 4, 6, 7, 9, 11, 12, 13], z = 363.0681179200001
oc=[1, 3, 4, 5, 7, 8, 9, 12, 13], z = 340.33073407123663
oc=[1, 2, 5, 6, 7, 8, 9, 11, 12, 13], z = 362.5130554234112
oc=[1, 3, 4, 5, 7, 8, 9, 13], z = 333.0128266848768
oc=[1, 2, 4, 5, 6, 7, 9, 11, 12, 13], z = 326.03526356511315
oc=[1, 2, 3, 4, 5, 7, 8, 9, 12, 13], z = 322.7393085060652
oc=[3, 5, 7, 8, 9, 13], z = 375.5012644224
oc=[1, 2, 4, 6, 7, 8, 9, 11, 13], z = 357.55771791999996
oc=[1, 3, 4, 5, 6, 7, 9, 13], z = 335.81641378685447
oc=[1, 2, 5, 7, 8, 9, 12, 13], z = 380.78143616000006
oc=[1, 2, 6, 9, 13], z = 385.71999999999997
oc=[1, 2, 5, 6, 7, 8, 9, 11, 12, 13], z = 362.5130554234112
oc=[1, 4, 5, 7, 8, 9, 12, 13], z = 369.04972416000004
oc=[2, 3, 5, 8, 9, 10, 12, 13], z = 384.3156644224
oc=[3, 4, 8, 9, 13], z = 375.7427120000001
oc=[1, 2, 4, 8, 9, 10, 11, 12, 13], z = 354.00408099225604
oc=[1, 2, 4, 5, 9, 10, 11, 12, 13], z = 317.96695400960004
oc=[1, 3, 4, 5, 9, 10, 11, 13], z = 301.29039083505916
oc=[1, 3, 4, 6, 8, 9, 10, 12, 13], z = 399.76395342753455
oc=[1, 2, 3, 4, 5, 9, 10, 11, 12, 13], z = 286.27113615927067
oc=[1, 2, 3, 4, 5, 6, 8, 9, 10, 12, 13], z = 320.5931275883057
oc=[8, 9, 10, 1], z = 397.38
oc=[2, 3, 5, 6, 7, 9, 12, 13], z = 384.64024748159994
oc=[2, 3, 5, 6, 7, 8, 9, 10, 11], z = 352.89176991359994
oc=[2, 5, 6, 7, 8, 9, 10], z = 370.84057936
oc=[3, 4, 6, 8, 9, 11, 13], z = 355.61992352000004
oc=[3, 4, 6, 8, 9, 13], z = 381.1539120000001
oc=[3, 4, 5, 6, 8, 9, 10], z = 359.0247894272
oc=[2, 5, 8, 9, 10], z = 359.13286400000004
oc=[1, 4, 5, 6, 9, 10, 11, 13], z = 340.5338640349184
oc=[4, 6, 7, 8, 9, 10, 11], z = 361.83942400000007
oc=[1, 2, 4, 5, 8, 9, 10, 12, 13], z = 361.68092416
oc=[1, 3, 8, 9, 10, 13], z = 389.04485795200003
oc=[1, 3, 4, 6, 8, 9, 10, 13], z = 392.9104291643905
oc=[1, 2, 4, 5, 6, 7, 8, 9, 11, 12, 13], z = 333.3363502346733
oc=[1, 3, 5, 7, 9, 11, 12, 13], z = 325.55558368384004
oc=[1, 4, 7, 9, 11, 13], z = 362.46000000000004
oc=[1, 2, 7, 9, 11, 12, 13], z = 378.07520000000005
oc=[3, 4, 5, 7, 9, 12, 13], z = 365.95721056
oc=[3, 4, 5, 6, 7, 8, 9, 11, 12, 13], z = 351.525503704451
oc=[2, 7, 8, 9, 11, 12, 13], z = 371.46479999999997
oc=[1, 3, 4, 5, 8, 9, 10, 11, 13], z = 301.2267981746544
oc=[1, 3, 6, 8, 9, 10, 13], z = 389.11235429888006
oc=[1, 6, 8, 9, 13], z = 382.4944
oc=[2, 3, 4, 5, 6, 9, 10, 13], z = 354.59562143725566
oc=[2, 3, 4, 5, 6, 8, 9, 10, 11, 13], z = 334.35262479684866
oc=[4, 5, 8, 9, 10, 11, 13], z = 329.11814563839994
oc=[1, 5, 9, 10, 11, 12], z = 331.44135552
oc=[1, 2, 3, 4, 9, 10, 11, 12, 13], z = 332.5866748305085
oc=[2, 3, 5, 8, 9, 10, 13], z = 377.46126442239995
oc=[2, 3, 4, 6, 8, 9, 10, 11, 13], z = 363.0759821184
oc=[2, 3, 4, 6, 9, 10, 13], z = 389.4376880000001
oc=[2, 4, 5, 7, 9, 10, 13], z = 348.56506496
oc=[6, 7, 9, 10, 12, 13], z = 406.8743999999999
oc=[1, 2, 6, 7, 9, 11, 12, 13], z = 368.40303600000004
oc=[1, 2, 3, 4, 5, 9, 10, 13], z = 324.95868459136
oc=[1, 2, 3, 4, 6, 8, 9, 10, 11, 13], z = 356.1320936805482
oc=[1, 2, 5, 6, 7, 8, 9, 10, 12], z = 386.36432975999986
oc=[2, 3, 5, 6, 9, 10, 11], z = 344.21851584
oc=[2, 3, 4, 5, 9, 10, 11, 12], z = 305.52501864960004
oc=[1, 2, 5, 6, 9, 10, 11, 12, 13], z = 349.32389622847995
oc=[1, 4, 8, 9, 10, 11, 13], z = 367.242624
oc=[1, 3, 4, 5, 7, 8, 9, 10, 12, 13], z = 353.12892632679427
oc=[3, 5, 6, 7, 9, 10, 13], z = 394.3203951615999
oc=[2, 3, 6, 9, 11, 13], z = 348.15099999999995
oc=[2, 3, 6, 8, 9, 13], z = 378.98271200000005
oc=[3, 5, 8, 9, 10, 13], z = 377.46126442240006
oc=[6, 7, 8, 9, 11, 12, 13], z = 367.4896
oc=[3, 5, 6, 8, 9, 11, 13], z = 344.94346342898166
oc=[3, 4, 6, 9, 13], z = 381.26220000000006
oc=[2, 3, 4, 5, 7, 8, 9, 10, 11, 13], z = 326.982868796414
oc=[5, 7, 8, 9, 10, 13], z = 382.34037376
oc=[1, 2, 4, 6, 7, 9, 12, 13], z = 394.00811792
oc=[1, 6, 8, 9, 10, 11, 13], z = 370.482624
oc=[1, 2, 6, 8, 9, 11, 13], z = 357.66959999999995
oc=[1, 2, 4, 6, 9, 11, 13], z = 352.24668800000006
oc=[1, 2, 3, 5, 6, 9, 13], z = 345.94217737919996
oc=[1, 2, 4, 9, 11, 13], z = 343.7568
oc=[1, 2, 5, 8, 9, 13], z = 367.20972416
oc=[1, 2, 6, 8, 9, 13], z = 382.49440000000004
oc=[2, 3, 8, 9, 11, 13], z = 367.68872352000005
oc=[1, 2, 4, 8, 9, 10, 13], z = 384.35119999999995
oc=[4, 6, 7, 9, 12, 13], z = 397.7112
oc=[2, 5, 6, 7, 8, 9, 10, 13], z = 383.0808214335999
oc=[1, 4, 9, 11, 13], z = 351.54
oc=[8, 9, 13, 1], z = 396.73440000000005
oc=[1, 7, 9, 11, 12, 13], z = 388.3399999999999
oc=[2, 3, 9, 10, 13], z = 406.211
oc=[3, 5, 9, 11, 13], z = 333.71974295039996
oc=[2, 5, 8, 9, 11, 13], z = 333.78512163839997
oc=[3, 4, 5, 6, 8, 9, 11, 13], z = 332.20550370445096
oc=[3, 4, 5, 6, 8, 9, 13], z = 357.5862412583731
oc=[3, 4, 5, 6, 8, 9, 13], z = 357.5862412583731
oc=[3, 5, 9, 11, 13], z = 333.71974295039996
oc=[9, 2, 13], z = 390.46000000000004
oc=[9, 4, 13, 6], z = 378.3912
oc=[1, 4, 5, 6, 8, 9, 10, 11, 13], z = 347.79168493963675
oc=[1, 5, 6, 8, 9, 10, 11, 13], z = 361.20622710341127
oc=[1, 5, 6, 8, 9, 10, 13], z = 386.07522381568003
oc=[1, 5, 6, 8, 9, 10, 11, 13], z = 361.20622710341127
oc=[1, 6, 9, 10, 13], z = 398.6
oc=[1, 2, 7, 9, 11, 12, 13], z = 378.07520000000005
oc=[1, 2, 4, 5, 6, 8, 9, 10, 11, 13], z = 337.18325029867935
oc=[1, 2, 3, 5, 8, 9, 10, 11, 13], z = 316.8236714419026
oc=[1, 2, 6, 9, 10, 11, 13], z = 365.9856000000001
oc=[1, 2, 5, 6, 8, 9, 10, 13], z = 386.07522381568
oc=[1, 5, 6, 9, 10, 11, 13], z = 356.65513358528
oc=[1, 5, 6, 9, 10, 13], z = 388.700051392
oc=[1, 5, 6, 9, 10, 13], z = 388.700051392
oc=[1, 2, 4, 5, 8, 9, 11, 13], z = 317.24726397439997
oc=[1, 3, 5, 6, 9, 13], z = 345.94217737919996
oc=[1, 5, 6, 9, 11, 12, 13], z = 353.84953358528
oc=[1, 2, 8, 9, 13], z = 396.73440000000005
oc=[1, 4, 6, 8, 9, 13], z = 384.66560000000004
oc=[2, 3, 5, 6, 9, 10, 11, 13], z = 350.845673724544
oc=[2, 3, 6, 8, 9, 10, 11, 13], z = 365.60929411840004
oc=[2, 4, 6, 8, 9, 10, 11, 13], z = 358.449312
oc=[2, 5, 6, 8, 9, 10, 11], z = 340.2419175936001
oc=[1, 2, 3, 8, 9, 10, 11, 12, 13], z = 331.20740565454366
oc=[2, 3, 4, 6, 9, 10, 13], z = 389.4376880000001
oc=[2, 3, 9, 10, 11, 13], z = 373.5966
oc=[1, 2, 4, 8, 9, 10, 13], z = 384.35119999999995
oc=[2, 7, 9, 12, 13], z = 399.51519999999994
oc=[2, 3, 5, 7, 8, 9, 10, 11, 13], z = 356.401259836416
oc=[1, 3, 5, 7, 9, 10, 12, 13], z = 366.86527209600007
oc=[2, 5, 6, 9, 13], z = 367.50480384
oc=[3, 4, 5, 6, 8, 9, 10, 13], z = 370.4662412583731
oc=[2, 4, 5, 6, 9, 11, 13], z = 310.1115477877761
oc=[2, 5, 6, 9, 11, 13], z = 336.7560605056
oc=[2, 5, 6, 9, 13], z = 367.50480384
oc=[2, 5, 6, 9, 11, 13], z = 336.7560605056
oc=[2, 6, 9, 11, 13], z = 345.28
oc=[9, 2, 13, 6], z = 376.22
oc=[9, 2, 13, 6], z = 376.22
oc=[1, 2, 6, 7, 9, 11, 12, 13], z = 368.40303600000004
oc=[1, 2, 6, 7, 9, 12, 13], z = 399.343036
oc=[1, 2, 6, 7, 9, 11, 12, 13], z = 368.40303600000004
oc=[1, 2, 6, 7, 8, 9, 10, 12, 13], z = 407.45183599999996
oc=[1, 2, 5, 6, 8, 9, 13], z = 373.19522381568
oc=[1, 4, 5, 9, 10, 11, 13], z = 333.04847936
oc=[1, 5, 9, 10, 11, 13], z = 350.52847936000006
oc=[1, 6, 8, 9, 10, 11, 13], z = 370.482624
oc=[1, 6, 8, 9, 10, 13], z = 395.3743999999999
oc=[1, 6, 8, 9, 10, 13], z = 395.3743999999999
oc=[1, 2, 6, 8, 9, 10, 11, 13], z = 370.482624
oc=[1, 2, 6, 8, 9, 10, 13], z = 395.37440000000004
oc=[1, 2, 6, 8, 9, 10, 13], z = 395.37440000000004
oc=[2, 4, 9, 11, 13], z = 334.2568
oc=[3, 4, 6, 8, 9, 11, 13], z = 355.61992352000004
oc=[3, 4, 6, 8, 9, 13], z = 381.1539120000001
oc=[3, 4, 6, 8, 9, 13], z = 381.1539120000001
oc=[4, 5, 7, 8, 9, 11, 12, 13], z = 335.62512163840006
oc=[4, 6, 7, 9, 12, 13], z = 397.7112
oc=[1, 8, 9, 10, 13], z = 409.6144
oc=[3, 4, 8, 9, 11, 13], z = 350.20872352000004
oc=[9, 2, 13], z = 390.46000000000004
oc=[1, 2, 4, 7, 9, 12, 13], z = 383.75199999999995
oc=[2, 3, 4, 5, 6, 9, 10, 11, 13], z = 326.5397900588131
oc=[2, 3, 4, 5, 6, 9, 10, 13], z = 354.59562143725566
oc=[2, 3, 4, 5, 6, 9, 10, 11, 13], z = 326.5397900588131
oc=[2, 3, 4, 6, 9, 10, 11, 13], z = 356.82328800000005
oc=[2, 3, 4, 6, 9, 10, 13], z = 389.4376880000001
oc=[2, 3, 4, 6, 9, 10, 13], z = 389.4376880000001
oc=[1, 2, 8, 9, 11, 13], z = 371.90959999999995
oc=[1, 2, 8, 9, 13], z = 396.73440000000005
oc=[1, 2, 8, 9, 13], z = 396.73440000000005
oc=[4, 5, 7, 9, 11, 12, 13], z = 332.5704409599999
oc=[4, 6, 7, 8, 9, 12, 13], z = 394.48560000000003
oc=[4, 5, 7, 8, 9, 10, 12, 13], z = 371.71477376
oc=[4, 5, 8, 9, 11, 13], z = 316.3051216383999
oc=[8, 9, 3, 13], z = 393.222712
oc=[2, 3, 6, 8, 9, 13], z = 378.98271200000005
oc=[2, 3, 4, 6, 8, 9, 10, 11, 13], z = 363.0759821184
oc=[2, 3, 4, 6, 8, 9, 10, 13], z = 389.32939999999996
oc=[2, 3, 4, 6, 8, 9, 10, 11, 13], z = 363.0759821184
oc=[2, 3, 5, 6, 9, 10, 11, 13], z = 350.845673724544
oc=[2, 3, 5, 6, 9, 10, 13], z = 383.4003951616
oc=[2, 3, 5, 6, 9, 10, 13], z = 383.4003951616
oc=[2, 3, 4, 5, 9, 10, 11, 13], z = 319.66214295040004
oc=[2, 3, 5, 9, 10, 11, 13], z = 344.9253429504
oc=[2, 3, 5, 9, 10, 13], z = 376.9972105600001
oc=[2, 3, 5, 9, 10, 11, 13], z = 344.9253429504
oc=[5, 8, 9, 10, 11, 13], z = 346.59814563839996
oc=[2, 3, 5, 6, 8, 9, 10, 11, 13], z = 357.1040340273818
oc=[2, 3, 5, 6, 8, 9, 10, 13], z = 383.35506476646407
oc=[2, 3, 5, 6, 8, 9, 10, 13], z = 383.35506476646407
oc=[3, 5, 8, 9, 10, 13], z = 377.46126442240006
oc=[2, 5, 6, 7, 8, 9, 11, 12, 13], z = 353.7836717002241
oc=[3, 4, 6, 7, 9, 11, 12, 13], z = 369.64220000000006
oc=[1, 2, 5, 8, 9, 10, 13], z = 380.08972415999995
oc=[1, 6, 7, 8, 9, 12, 13], z = 401.8144
oc=[1, 8, 9, 11, 13], z = 371.90960000000007
oc=[2, 3, 6, 8, 9, 10, 11, 13], z = 365.60929411840004
oc=[2, 3, 6, 8, 9, 10, 13], z = 391.86271200000004
oc=[2, 3, 6, 8, 9, 10, 11, 13], z = 365.60929411840004
oc=[2, 3, 9, 10, 11, 13], z = 373.5966
oc=[2, 3, 9, 10, 13], z = 406.211
oc=[2, 3, 9, 10, 13], z = 406.211
oc=[3, 4, 5, 9, 11, 13], z = 316.2397429504
oc=[4, 5, 6, 9, 11, 13], z = 320.763937226752
oc=[3, 6, 8, 9, 11, 13], z = 353.44872352000004
oc=[3, 6, 8, 9, 13], z = 378.982712
oc=[3, 6, 8, 9, 13], z = 378.982712
oc=[3, 5, 8, 9, 11, 13], z = 339.06897723801603
oc=[3, 5, 8, 9, 13], z = 364.5812644224
oc=[3, 5, 8, 9, 11, 13], z = 339.06897723801603
oc=[9, 11, 13], z = 359.52
oc=[3, 8, 9, 11, 13], z = 367.68872351999994
oc=[8, 9, 3, 13], z = 393.222712
oc=[3, 8, 9, 11, 13], z = 367.68872351999994
oc=[3, 5, 6, 8, 9, 11, 13], z = 344.94346342898166
oc=[3, 5, 6, 8, 9, 13], z = 370.47506476646396
oc=[3, 5, 6, 8, 9, 11, 13], z = 344.94346342898166
oc=[3, 5, 9, 11, 13], z = 333.71974295039996
oc=[9, 5, 3, 13], z = 364.11721056
oc=[9, 5, 3, 13], z = 364.11721056
oc=[4, 5, 6, 8, 9, 11, 12, 13], z = 335.25900830507004
oc=[4, 5, 6, 8, 9, 13], z = 351.5022991872
oc=[4, 5, 6, 9, 11, 13], z = 320.763937226752
oc=[1, 2, 3, 4, 6, 8, 9, 12, 13], z = 383.71149755492513
oc=[2, 3, 5, 9, 11, 12, 13], z = 342.1197429504
oc=[2, 4, 5, 8, 9, 11, 12, 13], z = 316.9219216384
oc=[3, 4, 9, 11, 13], z = 344.911
oc=[9, 3, 4, 13], z = 375.85100000000006
oc=[9, 3, 4, 13], z = 375.85100000000006
oc=[3, 4, 5, 9, 11, 13], z = 316.2397429504
oc=[3, 4, 5, 9, 13], z = 346.63721055999997
oc=[3, 4, 5, 9, 13], z = 346.63721055999997
oc=[3, 4, 6, 8, 9, 11, 12, 13], z = 364.01992352
oc=[8, 9, 13], z = 387.2344
oc=[6, 8, 9, 11, 13], z = 348.1696
oc=[4, 5, 9, 11, 13], z = 313.25044096
oc=[3, 6, 9, 11, 13], z = 348.15099999999995
oc=[4, 5, 6, 8, 9, 13], z = 351.5022991872
oc=[8, 9, 12, 13], z = 395.6344
oc=[1, 3, 4, 5, 8, 9, 12, 13], z = 329.4107340712367
oc=[1, 3, 9, 11, 12, 13], z = 353.30296877600006
oc=[2, 3, 5, 8, 9, 11, 13], z = 339.06897723801603
oc=[2, 3, 4, 5, 9, 13], z = 338.85401056000006
oc=[1, 2, 8, 9, 12, 13], z = 405.1344
oc=[2, 9, 11, 12, 13], z = 367.91999999999996
oc=[9, 12, 13, 1], z = 408.36
oc=[3, 4, 7, 8, 9, 11, 12, 13], z = 369.5287235200001
oc=[9, 5, 12, 13], z = 368.331744
oc=[2, 6, 8, 9, 11, 12, 13], z = 356.5695999999999
oc=[2, 5, 9, 11, 12, 13], z = 339.13044096
oc=[2, 4, 6, 9, 11, 12, 13], z = 351.14668800000004
oc=[2, 6, 8, 9, 12, 13], z = 381.3944
oc=[1, 4, 5, 8, 9, 11, 12, 13], z = 333.4304639744
oc=[1, 4, 5, 6, 9, 12, 13], z = 362.84865788416005
oc=[1, 3, 4, 5, 6, 8, 9, 12, 13], z = 321.9141010788751
oc=[1, 4, 5, 9, 12, 13], z = 358.04438400000004
oc=[1, 3, 6, 9, 11, 12, 13], z = 347.92845388536
oc=[1, 5, 7, 8, 9, 12], z = 374.24221439999997
oc=[2, 3, 4, 7, 9, 11, 12], z = 339.582
oc=[2, 4, 5, 6, 7, 9, 11, 12], z = 306.73850002662397
oc=[5, 6, 9, 11, 13], z = 336.7560605056
oc=[2, 3, 4, 5, 8, 9, 13], z = 339.31806442239997
oc=[3, 4, 6, 7, 9, 11], z = 354.6412
oc=[1, 4, 5, 8, 9, 11, 12, 13], z = 333.4304639744
oc=[2, 3, 8, 9, 11, 13], z = 367.68872352000005
oc=[2, 3, 8, 9, 13], z = 393.222712
oc=[2, 3, 8, 9, 11, 13], z = 367.68872352000005
oc=[2, 3, 5, 8, 9, 11, 13], z = 339.06897723801603
oc=[2, 3, 5, 8, 9, 13], z = 364.58126442239995
oc=[2, 3, 5, 8, 9, 11, 13], z = 339.06897723801603
oc=[2, 3, 5, 6, 9, 11, 13], z = 339.640073724544
oc=[2, 4, 5, 7, 8, 9, 12], z = 330.40618495999996
oc=[6, 8, 9, 11, 13], z = 348.1696
oc=[8, 9, 13, 6], z = 372.99440000000004
oc=[8, 9, 13, 6], z = 372.99440000000004
oc=[5, 6, 8, 9, 11, 13], z = 339.663819380224
oc=[5, 6, 8, 9, 13], z = 364.4809691136
oc=[5, 6, 8, 9, 11, 13], z = 339.663819380224
oc=[4, 5, 6, 8, 9, 11, 13], z = 326.85900830507006
oc=[4, 5, 6, 8, 9, 13], z = 351.5022991872
oc=[4, 5, 6, 8, 9, 13], z = 351.5022991872
oc=[9, 11, 13], z = 359.52
oc=[1, 3, 5, 6, 8, 9, 12, 13], z = 352.9064563306383
oc=[4, 5, 7, 9, 11], z = 313.390944
oc=[2, 3, 4, 5, 8, 9, 11, 13], z = 313.80577723801605
oc=[2, 3, 4, 5, 8, 9, 13], z = 339.31806442239997
oc=[2, 3, 4, 5, 8, 9, 13], z = 339.31806442239997
oc=[8, 9, 5, 13], z = 358.54037376
oc=[3, 4, 5, 6, 7, 9, 11, 12], z = 335.2451275904
oc=[1, 2, 4, 5, 9, 12, 13], z = 350.26118400000007
oc=[3, 5, 7, 8, 9], z = 364.10286399999995
oc=[8, 9, 4, 13], z = 369.75440000000003
oc=[4, 5, 6, 9, 11, 13], z = 320.763937226752
oc=[4, 5, 6, 9, 13], z = 347.16620928
oc=[4, 5, 6, 9, 11, 13], z = 320.763937226752
oc=[2, 3, 5, 9, 13], z = 364.11721056
oc=[2, 5, 7, 8, 9, 11, 12], z = 335.11765375999994
oc=[2, 5, 7, 8, 9, 12], z = 359.824576
oc=[2, 5, 7, 8, 9, 11, 12], z = 335.11765375999994
oc=[1, 2, 4, 5, 6, 8, 9, 11, 12, 13], z = 332.7258278761308
oc=[4, 6, 8, 9, 11, 13], z = 350.34080000000006
oc=[4, 6, 8, 9, 13], z = 375.1656
oc=[4, 6, 8, 9, 11, 13], z = 350.34080000000006
oc=[2, 3, 7, 8, 9, 11, 12], z = 366.1604
oc=[3, 4, 6, 7, 8, 9, 12], z = 389.1812000000001
oc=[9, 12, 5, 6], z = 365.098752
oc=[6, 8, 9, 11, 12], z = 344.3352
oc=[3, 4, 6, 9, 11], z = 343.72120000000007
oc=[3, 4, 6, 8, 9, 12], z = 378.26120000000003
oc=[3, 4, 5, 8, 9, 11, 12], z = 319.39594176
oc=[2, 3, 9, 11, 12], z = 364.19
oc=[2, 3, 4, 8, 9, 11, 13], z = 342.42552352000007
oc=[2, 3, 4, 8, 9, 13], z = 367.959512
oc=[2, 3, 4, 8, 9, 13], z = 367.959512
oc=[9, 4, 5], z = 330.464
oc=[11, 12, 13], z = 354.12
oc=[2, 3, 4, 6, 9, 13], z = 376.5576880000001
oc=[2, 3, 4, 9, 13], z = 368.06780000000003
oc=[3, 4, 5, 8, 9, 11, 13], z = 321.588977238016
oc=[3, 4, 5, 8, 9, 13], z = 347.10126442240005
oc=[3, 4, 5, 8, 9, 13], z = 347.10126442240005
oc=[3, 4, 5, 6, 9, 11, 13], z = 325.31923421127425
oc=[1, 3, 9, 11, 12, 13], z = 353.30296877600006
oc=[9, 11, 12], z = 357.26
oc=[2, 3, 5, 6, 11, 12], z = 329.6204
oc=[4, 5, 9, 11, 13], z = 313.25044096
oc=[9, 5, 4, 13], z = 342.45174399999996
oc=[9, 5, 4, 13], z = 342.45174399999996
oc=[2, 3, 5, 8, 9, 12], z = 361.582864
oc=[1, 11, 13, 6], z = 340.98
oc=[1, 2, 4, 6, 9, 11, 12, 13], z = 360.6466880000001
oc=[8, 9, 3, 11], z = 357.1052
oc=[3, 6, 9, 11, 13], z = 348.15099999999995
oc=[9, 3, 13, 6], z = 379.091
oc=[9, 3, 13, 6], z = 379.091
oc=[11, 9, 3, 13], z = 362.391
oc=[9, 3, 13], z = 393.331
oc=[9, 3, 13], z = 393.331
oc=[2, 3, 4, 5, 6, 9, 11, 13], z = 314.6747624879117
oc=[2, 3, 4, 5, 6, 9, 13], z = 341.71562143725566
oc=[2, 3, 4, 5, 6, 9, 11, 13], z = 314.6747624879117
oc=[2, 3, 4, 9, 11, 13], z = 337.12780000000004
oc=[2, 3, 4, 9, 13], z = 368.06780000000003
oc=[2, 3, 4, 9, 11, 13], z = 337.12780000000004
oc=[2, 3, 6, 8, 12, 13], z = 373.582712
oc=[3, 5, 8, 12, 13], z = 364.06271200000003
oc=[3, 4, 5, 8, 11, 12, 13], z = 321.04872352000007
oc=[1, 3, 8, 9, 12, 13], z = 383.32105046400005
oc=[1, 2, 3, 9, 12, 13], z = 383.95950960000005
oc=[2, 8, 9, 12, 13], z = 395.6343999999999
oc=[1, 3, 4, 5, 6, 8, 9, 12, 13], z = 321.9141010788751
oc=[1, 3, 5, 6, 8, 9, 12, 13], z = 352.9064563306383
oc=[1, 3, 4, 5, 6, 8, 9, 11, 12, 13], z = 291.224255523682
oc=[1, 3, 4, 5, 6, 8, 9, 12, 13], z = 321.9141010788751
oc=[1, 3, 4, 5, 6, 8, 9, 11, 12, 13], z = 291.224255523682
oc=[1, 3, 5, 6, 9, 11, 12, 13], z = 324.1765538108288
oc=[4, 5, 8, 9, 11, 12], z = 312.46594175999996
oc=[3, 8, 11, 12, 13], z = 362.28872351999996
oc=[8, 3, 12, 13], z = 387.822712
oc=[3, 8, 11, 12, 13], z = 362.28872351999996
oc=[1, 2, 8, 9, 11, 12, 13], z = 380.30960000000005
oc=[5, 6, 8, 9, 11, 12, 13], z = 348.063819380224
oc=[4, 5, 6, 9, 11, 12, 13], z = 329.16393722675195
oc=[5, 8, 9, 11, 12, 13], z = 342.1851216384
oc=[2, 4, 5, 8, 9, 11], z = 296.28274176
oc=[1, 2, 4, 5, 7, 8], z = 322.69332096
oc=[2, 3, 4, 6, 9, 11, 13], z = 345.61768800000004
oc=[2, 3, 4, 6, 9, 13], z = 376.5576880000001
oc=[2, 3, 4, 6, 9, 13], z = 376.5576880000001
oc=[2, 3, 4, 5, 9, 11, 13], z = 308.45654295040003
oc=[2, 3, 4, 5, 9, 13], z = 338.85401056000006
oc=[2, 3, 4, 5, 9, 13], z = 338.85401056000006
oc=[2, 3, 4, 8, 9, 12, 13], z = 376.35951200000005
oc=[1, 6, 9, 12, 13], z = 394.12
oc=[3, 5, 6, 9, 12, 13], z = 378.9203951616
oc=[1, 2, 4, 6, 7, 9, 11, 12, 13], z = 363.0681179200001
oc=[1, 2, 4, 6, 7, 9, 12, 13], z = 394.00811792
oc=[1, 2, 4, 6, 7, 9, 12, 13], z = 394.00811792
oc=[1, 5, 9, 11, 12, 13], z = 347.72287936
oc=[1, 2, 4, 6, 8, 9, 11, 12, 13], z = 363.53628799999996
oc=[1, 2, 4, 5, 6, 8, 9, 11, 12, 13], z = 332.7258278761308
oc=[1, 2, 4, 5, 9, 12, 13], z = 350.26118400000007
oc=[1, 3, 6, 8, 9, 11, 12, 13], z = 353.741124539952
oc=[1, 3, 6, 8, 9, 12, 13], z = 384.4955354752
oc=[1, 3, 6, 8, 9, 12, 13], z = 384.4955354752
oc=[1, 3, 5, 6, 8, 9, 11, 12, 13], z = 322.1266399893906
oc=[1, 3, 5, 6, 8, 9, 12, 13], z = 352.9064563306383
oc=[1, 3, 5, 6, 8, 9, 11, 12, 13], z = 322.1266399893906
oc=[1, 3, 4, 5, 8, 9, 12, 13], z = 329.4107340712367
oc=[1, 4, 9, 11, 12, 13], z = 359.94000000000005
oc=[2, 3, 6, 9, 11, 12], z = 349.95000000000005
oc=[4, 8, 11, 12, 13], z = 339.52959999999996
oc=[9, 11, 13, 6], z = 345.28
oc=[9, 13, 6], z = 376.22
oc=[9, 13, 6], z = 376.22
oc=[2, 5, 9, 11, 13], z = 330.73044095999995
oc=[9, 2, 5, 13], z = 359.931744
oc=[2, 5, 9, 11, 13], z = 330.73044095999995
oc=[9, 2, 11, 13], z = 359.52
oc=[9, 2, 13], z = 390.46000000000004
oc=[9, 2, 13], z = 390.46000000000004
oc=[9, 5, 11, 13], z = 330.73044096
oc=[9, 5, 13], z = 359.931744
oc=[9, 5, 13], z = 359.931744
oc=[9, 11, 4, 13], z = 342.04
oc=[9, 4, 13], z = 372.97999999999996
oc=[9, 4, 13], z = 372.97999999999996
oc=[1, 2, 4, 6, 8, 9, 13], z = 379.96108799999996
oc=[5, 6, 9, 11, 13], z = 336.7560605056
oc=[9, 5, 13, 6], z = 367.50480384
oc=[9, 5, 13, 6], z = 367.50480384
oc=[2, 3, 4, 5, 6, 7, 8, 9, 11, 12, 13], z = 330.6590543497747
oc=[2, 3, 7, 9, 11, 12, 13], z = 371.4462
oc=[2, 4, 5, 6, 8, 9, 13], z = 341.45623887769597
oc=[2, 4, 6, 9, 11, 13], z = 342.74668799999995
oc=[2, 4, 6, 9, 13], z = 373.686688
oc=[2, 4, 6, 9, 11, 13], z = 342.74668799999995
oc=[2, 4, 9, 11, 13], z = 334.2568
oc=[9, 2, 4, 13], z = 365.19680000000005
oc=[2, 4, 9, 11, 13], z = 334.2568
oc=[2, 3, 9, 11, 13], z = 362.39099999999996
oc=[9, 2, 3, 13], z = 393.331
oc=[2, 3, 9, 11, 13], z = 362.39099999999996
oc=[2, 5, 8, 9, 11, 13], z = 333.78512163839997
oc=[9, 12, 6], z = 373.96000000000004
oc=[1, 2, 3, 6, 8, 9, 11, 12], z = 361.62977471408004
oc=[1, 6, 9, 11, 12], z = 352.52
oc=[1, 3, 4, 5, 9, 12, 13], z = 328.26188459136
oc=[9, 3], z = 386.73
oc=[1, 4, 6, 8, 9, 11], z = 347.6064
oc=[1, 4, 5, 8, 9, 11], z = 312.791284096
oc=[11, 2, 3, 13], z = 348.591
oc=[1, 3, 5, 9, 11, 12], z = 338.559993792
oc=[2, 11, 5], z = 311.3
oc=[1, 2, 5, 6, 8, 9, 12, 13], z = 381.59522381568
oc=[2, 3, 9, 11, 12, 13], z = 370.79099999999994
oc=[1, 6, 8, 9, 12, 13], z = 390.8944
oc=[3, 4, 5, 9, 11, 12, 13], z = 324.6397429504
oc=[3, 4, 6, 9, 12, 13], z = 389.6622
oc=[2, 3, 4, 5, 6, 7, 9, 12, 13], z = 350.11138331233116
oc=[2, 4, 6, 7, 9, 11, 12, 13], z = 353.56811791999996
oc=[2, 3, 4, 5, 6, 7, 9, 12, 13], z = 350.11138331233116
oc=[2, 4, 5, 7, 9, 12, 13], z = 344.08506496
oc=[2, 3, 5, 6, 7, 8, 9, 12, 13], z = 384.59491708646397
oc=[3, 5, 7, 9, 12, 13], z = 383.43721056
oc=[1, 2, 5, 6, 7, 9, 11, 12, 13], z = 359.5693859052799
oc=[1, 2, 5, 6, 7, 9, 12, 13], z = 389.93990371200005
oc=[1, 2, 5, 6, 7, 9, 12, 13], z = 389.93990371200005
oc=[1, 8, 9, 12, 13], z = 405.1344
oc=[1, 2, 6, 8, 9, 11, 12, 13], z = 366.06960000000004
oc=[1, 2, 6, 8, 9, 12, 13], z = 390.8944
oc=[1, 2, 6, 8, 9, 11, 12, 13], z = 366.06960000000004
oc=[3, 4, 5, 9, 12, 13], z = 355.03721056
oc=[3, 4, 5, 6, 8, 9, 11, 12, 13], z = 340.60550370445094
oc=[3, 9, 11, 12, 13], z = 370.791
oc=[1, 4, 5, 8, 9, 11, 12, 13], z = 333.4304639744
oc=[1, 8, 9, 11, 12, 13], z = 380.30960000000005
oc=[1, 8, 9, 12, 13], z = 405.1344
oc=[1, 8, 9, 11, 12, 13], z = 380.30960000000005
oc=[1, 4, 5, 6, 8, 9, 10, 11, 13], z = 347.79168493963675
oc=[1, 4, 5, 6, 8, 9, 10, 13], z = 372.45067669360645
oc=[1, 4, 5, 6, 8, 9, 10, 11, 13], z = 347.79168493963675
oc=[1, 4, 5, 9, 10, 11, 13], z = 333.04847936
oc=[1, 4, 5, 9, 10, 13], z = 362.524384
oc=[1, 4, 5, 9, 10, 11, 13], z = 333.04847936
oc=[1, 4, 5, 8, 9, 10, 13], z = 362.60972416000004
oc=[1, 2, 3, 4, 5, 9, 10, 11, 13], z = 293.5071908350592
oc=[1, 8, 9, 10, 11, 13], z = 384.722624
oc=[1, 8, 9, 10, 13], z = 409.6144
oc=[1, 8, 9, 10, 13], z = 409.6144
oc=[1, 2, 5, 6, 8, 9, 10, 11, 13], z = 361.20622710341115
oc=[1, 2, 5, 6, 8, 9, 10, 13], z = 386.07522381568
oc=[1, 2, 5, 6, 8, 9, 10, 13], z = 386.07522381568
oc=[2, 3, 5, 7, 8, 9, 12, 13], z = 378.1529764224
oc=[1, 2, 3, 5, 7, 8, 9, 10, 11, 12, 13], z = 302.2831359231138
oc=[2, 4, 5, 6, 7, 9, 10, 13], z = 349.2416569152
oc=[1, 4, 7, 8, 9, 10, 12, 13], z = 409.90880000000004
oc=[1, 2, 4, 5, 7, 9, 10, 11, 12, 13], z = 319.0181247299378
oc=[2, 5, 7, 8, 9, 10, 13], z = 376.59208576
oc=[2, 3, 6, 8, 9, 11, 12, 13], z = 361.84872351999996
oc=[2, 3, 5, 9, 11, 12, 13], z = 342.1197429504
oc=[2, 3, 4, 5, 8, 9, 11, 12, 13], z = 322.20577723801597
oc=[4, 5, 9, 11, 12, 13], z = 321.65044095999997
oc=[2, 3, 4, 6, 9, 12, 13], z = 384.9576880000001
oc=[3, 5, 9, 11, 12, 13], z = 342.1197429504
oc=[3, 5, 9, 12, 13], z = 372.51721055999997
oc=[3, 5, 9, 12, 13], z = 372.51721055999997
oc=[1, 2, 5, 8, 9, 12, 13], z = 375.60972416
oc=[6, 7, 8, 9, 10, 13], z = 396.7944
oc=[2, 3, 4, 5, 9, 11, 12, 13], z = 316.8565429504
oc=[2, 3, 9, 12, 13], z = 401.731
oc=[1, 4, 6, 8, 9, 12, 13], z = 393.0656
oc=[3, 4, 5, 6, 7, 8, 9, 12, 13], z = 376.90624125837303
oc=[3, 6, 9, 12, 13], z = 387.491
oc=[1, 2, 5, 6, 8, 9, 11, 12, 13], z = 356.7932031034111
oc=[1, 2, 5, 6, 8, 9, 12, 13], z = 381.59522381568
oc=[1, 2, 5, 6, 8, 9, 12, 13], z = 381.59522381568
oc=[2, 3, 6, 9, 10, 11, 13], z = 359.35660000000007
oc=[2, 3, 6, 9, 10, 13], z = 391.971
oc=[2, 3, 6, 9, 10, 13], z = 391.971
oc=[1, 5, 8, 9, 11, 12, 13], z = 350.9104639744
oc=[1, 5, 8, 9, 12, 13], z = 375.60972416
oc=[1, 5, 8, 9, 12, 13], z = 375.60972416
oc=[1, 4, 5, 6, 7, 9, 11, 12, 13], z = 347.53830347120635
oc=[1, 4, 7, 8, 9, 11, 12, 13], z = 373.7496
oc=[1, 2, 3, 4, 5, 7, 8, 9, 10, 13], z = 328.2412084155576
oc=[1, 3, 6, 7, 9, 10, 12, 13], z = 401.091673376
oc=[2, 3, 5, 9, 11, 12, 13], z = 342.1197429504
oc=[2, 3, 5, 9, 12, 13], z = 372.51721056
oc=[2, 3, 5, 9, 12, 13], z = 372.51721056
oc=[1, 5, 8, 9, 10, 11, 13], z = 355.3234879744
oc=[1, 5, 8, 9, 10, 13], z = 380.08972416
oc=[1, 5, 8, 9, 10, 11, 13], z = 355.3234879744
oc=[1, 5, 6, 7, 8, 9, 11, 12, 13], z = 367.7132031034113
oc=[2, 3, 6, 7, 9, 10, 11, 12, 13], z = 356.76045986387214
oc=[1, 7, 8, 9, 10, 11, 13], z = 395.64262399999996
oc=[3, 9, 11, 12, 13], z = 370.791
oc=[9, 3, 12, 13], z = 401.731
oc=[9, 3, 12, 13], z = 401.731
oc=[1, 2, 5, 6, 7, 9, 10, 13], z = 394.41990371199995
oc=[2, 3, 6, 7, 8, 9, 11, 12, 13], z = 367.07175952000006
oc=[2, 3, 5, 6, 9, 12, 13], z = 378.9203951616
oc=[3, 6, 8, 9, 10, 11, 13], z = 365.60929411839993
oc=[3, 5, 9, 10, 13], z = 376.99721056
oc=[1, 2, 4, 5, 8, 9, 12, 13], z = 350.34652416000006
oc=[1, 2, 8, 9, 11, 12, 13], z = 380.30960000000005
oc=[1, 2, 8, 9, 12, 13], z = 405.1344
oc=[1, 2, 8, 9, 11, 12, 13], z = 380.30960000000005
oc=[1, 5, 6, 8, 9, 12, 13], z = 381.59522381567996
oc=[1, 2, 7, 9, 11, 12, 13], z = 378.07520000000005
oc=[1, 2, 7, 9, 12, 13], z = 409.0152
oc=[1, 2, 7, 9, 11, 12, 13], z = 378.07520000000005
oc=[3, 6, 9, 10, 13], z = 391.971
oc=[2, 3, 9, 11, 12, 13], z = 370.79099999999994
oc=[2, 3, 9, 12, 13], z = 401.731
oc=[2, 3, 9, 12, 13], z = 401.731
oc=[1, 2, 5, 8, 9, 11, 12, 13], z = 350.9104639744
oc=[1, 2, 5, 8, 9, 12, 13], z = 375.60972416
oc=[1, 2, 5, 8, 9, 11, 12, 13], z = 350.9104639744
oc=[1, 2, 4, 5, 8, 9, 11, 12, 13], z = 325.64726397439995
oc=[1, 2, 4, 5, 8, 9, 12, 13], z = 350.34652416000006
oc=[1, 2, 4, 5, 8, 9, 11, 12, 13], z = 325.64726397439995
oc=[1, 2, 5, 6, 9, 11, 12, 13], z = 353.84953358527997
oc=[3, 4, 6, 9, 12, 13], z = 389.6622
oc=[1, 4, 5, 8, 9, 10, 11, 13], z = 337.8434879744
oc=[1, 4, 5, 8, 9, 10, 13], z = 362.60972416000004
oc=[1, 4, 5, 8, 9, 10, 11, 13], z = 337.8434879744
oc=[1, 9, 10, 11, 13], z = 380.2256
oc=[9, 10, 13, 1], z = 412.84000000000003
oc=[1, 9, 10, 11, 13], z = 380.2256
oc=[1, 5, 9, 10, 11, 13], z = 350.52847936000006
oc=[1, 5, 9, 10, 13], z = 380.004384
oc=[1, 5, 9, 10, 11, 13], z = 350.52847936000006
oc=[1, 2, 4, 5, 8, 9, 10, 11, 13], z = 330.0602879744
oc=[1, 2, 4, 5, 8, 9, 10, 13], z = 354.82652415999996
oc=[1, 2, 4, 5, 8, 9, 10, 11, 13], z = 330.0602879744
oc=[1, 2, 3, 5, 6, 8, 9, 10, 13], z = 357.96175212044795
oc=[1, 2, 5, 8, 9, 10, 11, 13], z = 355.32348797439994
oc=[1, 2, 5, 8, 9, 10, 13], z = 380.08972415999995
oc=[1, 2, 5, 8, 9, 10, 13], z = 380.08972415999995
oc=[3, 4, 5, 7, 9, 11, 12, 13], z = 335.55974295040005
oc=[3, 5, 6, 7, 8, 9, 12, 13], z = 389.7950647664639
oc=[2, 4, 5, 6, 7, 8, 9, 10, 13], z = 354.4266726255514
oc=[2, 3, 4, 5, 6, 7, 9, 10, 13], z = 354.5913833123934
oc=[4, 5, 6, 7, 9, 10, 12, 13], z = 377.82060928
oc=[2, 4, 5, 6, 7, 9, 10, 11, 12, 13], z = 316.8333216279789
oc=[2, 4, 6, 7, 8, 9, 10, 11, 13], z = 360.87074191999994
oc=[2, 4, 6, 7, 9, 10, 12, 13], z = 395.84251792000003
oc=[1, 2, 3, 5, 6, 7, 9, 10, 12, 13], z = 371.4480147338853
oc=[2, 3, 4, 7, 8, 9, 12, 13], z = 377.014712
oc=[2, 4, 6, 7, 8, 9, 10, 11, 12, 13], z = 356.50474626709
oc=[2, 3, 4, 5, 7, 8, 9, 10, 11, 13], z = 326.982868796414
oc=[2, 3, 4, 7, 8, 9, 10, 12, 13], z = 388.349112
oc=[3, 5, 7, 8, 9, 10, 11, 12, 13], z = 354.35152255112973
oc=[2, 4, 7, 9, 10, 11, 13], z = 346.11760000000004
oc=[1, 3, 4, 9, 10, 12], z = 399.2112184
oc=[2, 4, 6, 7, 9, 10, 11, 12], z = 338.4544686291098
oc=[3, 4, 5, 6, 7, 9, 10, 11, 12], z = 333.8052077126042
oc=[2, 5, 6, 7, 9, 10, 12, 13], z = 392.95905616
oc=[1, 2, 4, 6, 7, 8, 9, 10, 12, 13], z = 402.1169179199999
oc=[5, 7, 9, 10, 12, 13], z = 390.586144
oc=[1, 4, 8, 9, 11, 12, 13], z = 362.8296
oc=[1, 4, 8, 9, 12, 13], z = 387.6544
oc=[1, 4, 8, 9, 11, 12, 13], z = 362.8296
oc=[1, 4, 5, 6, 8, 9, 11, 12, 13], z = 343.3342625170883
oc=[1, 4, 5, 6, 8, 9, 12, 13], z = 367.97067669360644
oc=[1, 4, 5, 6, 8, 9, 12, 13], z = 367.97067669360644
oc=[2, 3, 4, 5, 9, 10, 11, 13], z = 319.66214295040004
oc=[2, 3, 4, 5, 9, 10, 13], z = 351.73401056
oc=[2, 3, 4, 5, 9, 10, 11, 13], z = 319.66214295040004
oc=[1, 2, 5, 8, 9, 10, 11, 12, 13], z = 349.2739960483839
oc=[2, 3, 4, 5, 8, 9, 10, 13], z = 352.19806442239997
oc=[2, 4, 9, 10, 11, 13], z = 345.4624
oc=[3, 4, 5, 6, 7, 8, 9, 10], z = 369.9447894271999
oc=[2, 5, 8, 9, 10, 12], z = 365.987264
oc=[2, 3, 4, 5, 6, 8, 9, 10, 12], z = 355.833129117696
oc=[1, 2, 4, 5, 6, 7, 9, 11, 12, 13], z = 326.03526356511315
oc=[1, 2, 4, 5, 6, 7, 9, 12, 13], z = 352.0441055193601
oc=[1, 2, 4, 5, 6, 7, 9, 12, 13], z = 352.0441055193601
oc=[1, 2, 8, 9, 10, 11, 13], z = 384.7226240000001
oc=[1, 2, 8, 9, 10, 13], z = 409.61440000000005
oc=[1, 2, 8, 9, 10, 13], z = 409.61440000000005
oc=[1, 4, 5, 7, 8, 9, 11, 12, 13], z = 344.3504639744
oc=[1, 4, 5, 7, 9, 12, 13], z = 368.964384
oc=[1, 2, 4, 5, 6, 8, 9, 11, 12, 13], z = 332.7258278761308
oc=[1, 2, 4, 5, 6, 8, 9, 12, 13], z = 357.356325060608
oc=[1, 2, 4, 5, 6, 8, 9, 11, 12, 13], z = 332.7258278761308
oc=[1, 2, 3, 4, 5, 6, 7, 8, 9, 10, 11, 12, 13], z = 248.21035126108325
oc=[1, 2, 4, 7, 9, 10, 11, 12, 13], z = 347.9644100828159
oc=[2, 6, 7, 8, 9, 10, 11, 13], z = 366.20566
oc=[2, 6, 7, 8, 9, 10, 11, 13], z = 366.20566
oc=[2, 6, 7, 8, 9, 10, 13], z = 391.097436
oc=[2, 6, 7, 8, 9, 10, 11, 13], z = 366.20566
oc=[3, 7, 8, 9, 11, 12, 13], z = 387.00872352
oc=[2, 3, 4, 6, 9, 11, 12, 13], z = 354.017688
oc=[2, 3, 6, 8, 9, 12, 13], z = 387.382712
oc=[3, 4, 5, 9, 11, 12, 13], z = 324.6397429504
oc=[3, 4, 5, 9, 12, 13], z = 355.03721056
oc=[3, 4, 5, 9, 11, 12, 13], z = 324.6397429504
oc=[3, 4, 5, 8, 9, 11, 12, 13], z = 329.9889772380161
oc=[3, 5, 6, 9, 11, 12, 13], z = 348.04007372454396
oc=[3, 5, 6, 9, 12, 13], z = 378.9203951616
oc=[3, 5, 6, 9, 11, 12, 13], z = 348.04007372454396
oc=[3, 4, 5, 6, 9, 11, 12, 13], z = 333.7192342112743
oc=[3, 4, 5, 6, 9, 12, 13], z = 360.827961059328
oc=[3, 4, 5, 6, 9, 11, 12, 13], z = 333.7192342112743
oc=[3, 6, 9, 11, 12, 13], z = 356.551
oc=[3, 6, 9, 12, 13], z = 387.491
oc=[3, 6, 9, 12, 13], z = 387.491
oc=[3, 4, 6, 9, 11, 12, 13], z = 358.72220000000004
oc=[3, 4, 6, 9, 12, 13], z = 389.6622
oc=[3, 4, 6, 9, 12, 13], z = 389.6622
oc=[1, 6, 7, 9, 12, 13], z = 405.03999999999996
oc=[5, 6, 7, 9, 10, 11, 13], z = 358.88166050559994
oc=[2, 3, 5, 6, 7, 9, 10, 13], z = 389.1202474816
oc=[3, 4, 5, 9, 10, 11, 13], z = 327.44534295040006
oc=[3, 4, 6, 8, 9, 10, 11, 13], z = 367.7804941184001
oc=[3, 4, 6, 8, 9, 10, 13], z = 394.0339120000001
oc=[3, 4, 6, 8, 9, 10, 11, 13], z = 367.7804941184001
oc=[2, 3, 4, 7, 9, 10, 11, 13], z = 348.9886
oc=[1, 2, 3, 5, 6, 7, 9, 10, 11, 12, 13], z = 325.54385889450964
oc=[5, 6, 7, 8, 9, 10, 11, 13], z = 363.3968433802239
oc=[1, 2, 5, 6, 7, 8, 9, 10, 11, 12, 13], z = 362.51060852964616
oc=[3, 4, 7, 8, 9, 10, 11, 13], z = 373.28929411840005
oc=[2, 3, 5, 7, 9, 10, 11, 13], z = 350.09705495040004
oc=[5, 7, 8, 9, 10, 13], z = 382.34037376
oc=[6, 7, 8, 9, 10, 13], z = 396.7944
oc=[2, 3, 4, 8, 9, 11, 12, 13], z = 350.82552352000005
oc=[2, 3, 6, 9, 11, 12, 13], z = 356.55100000000004
oc=[2, 3, 6, 9, 12, 13], z = 387.491
oc=[2, 3, 6, 9, 11, 12, 13], z = 356.55100000000004
oc=[4, 5, 6, 8, 9, 11, 12, 13], z = 335.25900830507004
oc=[2, 3, 8, 9, 11, 12, 13], z = 376.08872352000003
oc=[2, 3, 4, 5, 6, 8, 9, 12, 13], z = 355.94369993358623
oc=[2, 3, 5, 6, 9, 11, 12, 13], z = 348.040073724544
oc=[2, 3, 5, 6, 9, 12, 13], z = 378.9203951616
oc=[2, 3, 5, 6, 9, 12, 13], z = 378.9203951616
oc=[1, 5, 6, 7, 9, 10, 11, 13], z = 367.57513358528
oc=[2, 3, 4, 5, 6, 7, 8, 9, 11, 12, 13], z = 330.6590543497747
oc=[2, 3, 6, 7, 8, 9, 11, 12, 13], z = 367.07175952000006
oc=[2, 3, 6, 7, 8, 9, 12, 13], z = 392.605748
oc=[2, 3, 6, 7, 8, 9, 11, 12, 13], z = 367.07175952000006
oc=[3, 4, 6, 7, 8, 9, 11, 12, 13], z = 374.9399235200001
oc=[3, 4, 6, 7, 8, 9, 12, 13], z = 400.47391200000004
oc=[3, 4, 6, 7, 8, 9, 11, 12, 13], z = 374.9399235200001
oc=[2, 4, 7, 8, 9, 10, 11, 13], z = 350.614624
oc=[2, 3, 6, 7, 8, 9, 10, 11, 13], z = 370.8323301184
oc=[3, 4, 8, 9, 10, 11, 13], z = 362.36929411840003
oc=[3, 8, 9, 10, 11, 13], z = 379.84929411839994
oc=[3, 8, 9, 10, 13], z = 406.102712
oc=[3, 8, 9, 10, 13], z = 406.102712
oc=[2, 3, 5, 7, 8, 9, 10, 13], z = 382.63297642239996
oc=[1, 5, 6, 8, 9, 11, 12, 13], z = 356.7932031034112
oc=[1, 5, 6, 8, 9, 12, 13], z = 381.59522381567996
oc=[1, 5, 6, 8, 9, 12, 13], z = 381.59522381567996
oc=[3, 4, 5, 6, 8, 9, 10, 11, 13], z = 344.392451405687
oc=[3, 4, 5, 6, 8, 9, 10, 13], z = 370.4662412583731
oc=[3, 4, 5, 6, 8, 9, 10, 13], z = 370.4662412583731
oc=[2, 3, 4, 6, 9, 11, 12, 13], z = 354.017688
oc=[2, 3, 4, 6, 9, 12, 13], z = 384.9576880000001
oc=[2, 3, 4, 6, 9, 11, 12, 13], z = 354.017688
oc=[2, 3, 6, 8, 9, 11, 12, 13], z = 361.84872351999996
oc=[2, 3, 6, 8, 9, 12, 13], z = 387.382712
oc=[2, 3, 6, 8, 9, 12, 13], z = 387.382712
oc=[2, 3, 5, 8, 9, 11, 12, 13], z = 347.46897723801595
oc=[2, 3, 5, 8, 9, 12, 13], z = 372.9812644224
oc=[2, 3, 5, 8, 9, 11, 12, 13], z = 347.46897723801595
oc=[2, 3, 4, 7, 8, 9, 10, 13], z = 381.49471199999994
oc=[2, 3, 5, 7, 8, 9, 12, 13], z = 378.1529764224
oc=[1, 2, 4, 5, 7, 9, 11, 12, 13], z = 323.47620032000003
oc=[1, 2, 4, 5, 7, 9, 12, 13], z = 351.27770495999994
oc=[1, 2, 4, 5, 7, 9, 11, 12, 13], z = 323.47620032000003
oc=[1, 2, 5, 7, 9, 11, 12, 13], z = 352.89459135999994
oc=[1, 2, 5, 7, 9, 12, 13], z = 380.696096
oc=[1, 2, 5, 7, 9, 11, 12, 13], z = 352.89459135999994
oc=[1, 2, 4, 7, 9, 11, 12, 13], z = 352.812
oc=[1, 2, 4, 7, 9, 12, 13], z = 383.75199999999995
oc=[1, 2, 4, 7, 9, 12, 13], z = 383.75199999999995
oc=[1, 2, 5, 6, 7, 8, 9, 10, 13], z = 391.7950761356799
oc=[1, 4, 5, 6, 7, 9, 12, 13], z = 373.76865788416
oc=[3, 4, 6, 8, 9, 11, 12, 13], z = 364.01992352
oc=[4, 6, 9, 12, 13], z = 386.7912
oc=[9, 4, 12, 13], z = 381.38
oc=[2, 6, 8, 9, 11, 12, 13], z = 356.5695999999999
oc=[2, 4, 6, 8, 9, 12, 13], z = 378.861088
oc=[3, 4, 5, 7, 8, 9, 12, 13], z = 366.4212644224001
oc=[1, 2, 4, 6, 8, 9, 10, 11, 13], z = 367.9493119999999
oc=[1, 2, 4, 6, 8, 9, 10, 13], z = 392.841088
oc=[1, 2, 4, 6, 8, 9, 10, 13], z = 392.841088
oc=[6, 9, 11, 12, 13], z = 353.68000000000006
oc=[9, 11, 12, 13], z = 367.91999999999996
oc=[3, 4, 7, 9, 10, 11, 13], z = 367.0366
oc=[2, 4, 8, 9, 12, 13], z = 370.37120000000004
oc=[1, 4, 6, 8, 9, 11, 12, 13], z = 368.24080000000004
oc=[1, 4, 6, 8, 9, 12, 13], z = 393.0656
oc=[1, 4, 6, 8, 9, 11, 12, 13], z = 368.24080000000004
oc=[9, 10, 3, 13], z = 406.211
oc=[1, 2, 5, 6, 7, 8, 9, 11, 12, 13], z = 362.5130554234112
oc=[1, 2, 3, 5, 6, 7, 9, 11, 12, 13], z = 329.94479054858925
oc=[4, 6, 9, 11, 12, 13], z = 355.8512
oc=[4, 6, 9, 12, 13], z = 386.7912
oc=[4, 6, 9, 11, 12, 13], z = 355.8512
oc=[4, 5, 6, 9, 11, 12, 13], z = 329.16393722675195
oc=[4, 5, 6, 9, 12, 13], z = 355.56620927999995
oc=[4, 5, 6, 9, 12, 13], z = 355.56620927999995
oc=[5, 8, 9, 11, 12, 13], z = 342.1851216384
oc=[2, 3, 5, 6, 7, 8, 9, 10, 13], z = 389.074917086464
oc=[2, 3, 4, 9, 11, 12, 13], z = 345.5278
oc=[2, 3, 4, 9, 12, 13], z = 376.4678
oc=[2, 3, 4, 9, 11, 12, 13], z = 345.5278
oc=[2, 3, 8, 9, 11, 12, 13], z = 376.08872352000003
oc=[2, 3, 8, 9, 12, 13], z = 401.622712
oc=[2, 3, 8, 9, 11, 12, 13], z = 376.08872352000003
oc=[5, 6, 9, 11, 12, 13], z = 345.15606050560007
oc=[5, 6, 9, 12, 13], z = 375.90480384
oc=[5, 6, 9, 12, 13], z = 375.90480384
oc=[2, 3, 5, 6, 7, 8, 9, 11, 12, 13], z = 359.0633157489818
oc=[2, 3, 5, 6, 7, 8, 9, 12, 13], z = 384.59491708646397
oc=[2, 3, 5, 6, 7, 8, 9, 11, 12, 13], z = 359.0633157489818
oc=[2, 3, 6, 7, 9, 12, 13], z = 392.7140360000001
oc=[6, 9, 11, 12, 13], z = 353.68000000000006
oc=[9, 12, 13, 6], z = 384.62
oc=[9, 12, 13, 6], z = 384.62
oc=[1, 2, 4, 5, 6, 8, 9, 10, 11, 13], z = 337.18325029867935
oc=[1, 2, 4, 5, 6, 8, 9, 10, 13], z = 361.83632506060803
oc=[1, 2, 4, 5, 6, 8, 9, 10, 11, 13], z = 337.18325029867935
oc=[1, 2, 4, 5, 6, 9, 10, 11, 13], z = 329.88147459594234
oc=[1, 2, 4, 5, 6, 9, 10, 13], z = 356.52834364416003
oc=[1, 2, 4, 5, 6, 9, 10, 13], z = 356.52834364416003
oc=[2, 3, 5, 6, 7, 9, 11, 12, 13], z = 353.75992604454404
oc=[2, 3, 5, 6, 7, 9, 12, 13], z = 384.64024748159994
oc=[2, 3, 5, 6, 7, 9, 11, 12, 13], z = 353.75992604454404
oc=[2, 5, 7, 8, 9, 11, 12, 13], z = 347.35683363839996
oc=[2, 3, 6, 7, 9, 11, 12, 13], z = 361.774036
oc=[2, 3, 6, 7, 9, 12, 13], z = 392.7140360000001
oc=[2, 3, 6, 7, 9, 12, 13], z = 392.7140360000001
oc=[2, 3, 7, 9, 11, 12, 13], z = 371.4462
oc=[2, 3, 5, 8, 9, 10, 11, 13], z = 351.22954783641603
oc=[2, 4, 5, 6, 8, 9, 11, 12, 13], z = 325.21886498760693
oc=[2, 4, 5, 6, 8, 9, 12, 13], z = 349.856238877696
oc=[2, 4, 5, 6, 8, 9, 11, 12, 13], z = 325.21886498760693
oc=[9, 2, 12, 13], z = 398.86
oc=[4, 9, 11, 12, 13], z = 350.43999999999994
oc=[9, 4, 12, 13], z = 381.38
oc=[9, 4, 12, 13], z = 381.38
oc=[2, 3, 5, 7, 8, 9, 10, 11, 13], z = 356.401259836416
oc=[2, 3, 5, 7, 8, 9, 10, 13], z = 382.63297642239996
oc=[2, 3, 5, 7, 8, 9, 10, 13], z = 382.63297642239996
oc=[1, 7, 8, 9, 11, 12, 13], z = 391.22959999999995
oc=[2, 5, 6, 9, 11, 12, 13], z = 345.1560605056
oc=[2, 4, 6, 8, 9, 11, 12, 13], z = 354.036288
oc=[2, 4, 6, 8, 9, 12, 13], z = 378.861088
oc=[2, 4, 6, 8, 9, 11, 12, 13], z = 354.036288
oc=[3, 6, 7, 8, 9, 11, 12, 13], z = 372.76872352
oc=[3, 6, 7, 8, 9, 12, 13], z = 398.30271199999993
oc=[3, 6, 7, 8, 9, 11, 12, 13], z = 372.76872352
oc=[3, 5, 6, 9, 10, 11, 13], z = 350.84567372454393
oc=[3, 5, 8, 9, 10, 11, 13], z = 351.22954783641603
oc=[3, 5, 8, 9, 10, 13], z = 377.46126442240006
oc=[3, 5, 8, 9, 10, 11, 13], z = 351.22954783641603
oc=[9, 10, 4, 13], z = 385.86
oc=[2, 5, 8, 9, 10, 11, 13], z = 346.59814563840007
oc=[2, 4, 6, 9, 10, 11, 13], z = 353.95228800000007
oc=[3, 4, 6, 9, 10, 11, 13], z = 361.52780000000007
oc=[3, 4, 5, 8, 9, 10, 11, 13], z = 333.749547836416
oc=[3, 4, 5, 8, 9, 10, 13], z = 359.98126442240005
oc=[3, 4, 5, 8, 9, 10, 11, 13], z = 333.749547836416
oc=[1, 4, 6, 7, 8, 9, 10, 11, 13], z = 383.57382400000006
oc=[1, 6, 8, 9, 11, 12, 13], z = 366.06960000000004
oc=[1, 6, 8, 9, 12, 13], z = 390.8944
oc=[1, 6, 8, 9, 12, 13], z = 390.8944
oc=[2, 3, 4, 6, 7, 9, 11, 12, 13], z = 356.43911792000006
oc=[2, 3, 4, 6, 7, 9, 12, 13], z = 387.37911792
oc=[2, 3, 4, 6, 7, 9, 12, 13], z = 387.37911792
oc=[2, 3, 4, 5, 7, 9, 12, 13], z = 348.27053151886787
oc=[2, 4, 6, 7, 9, 11, 12, 13], z = 353.56811791999996
oc=[2, 3, 4, 5, 6, 7, 8, 9, 11, 12, 13], z = 330.6590543497747
oc=[2, 3, 4, 5, 6, 7, 8, 9, 12, 13], z = 356.03413368143646
oc=[2, 3, 4, 5, 6, 7, 8, 9, 12, 13], z = 356.03413368143646
oc=[1, 2, 3, 4, 5, 6, 7, 9, 11, 13], z = 284.53215360139404
oc=[2, 3, 7, 9, 11, 12, 13], z = 371.4462
oc=[2, 3, 7, 9, 12, 13], z = 402.3862
oc=[2, 3, 7, 9, 11, 12, 13], z = 371.4462
oc=[2, 3, 4, 5, 6, 7, 9, 11, 12, 13], z = 323.14411202078327
oc=[2, 3, 4, 5, 6, 7, 9, 12, 13], z = 350.11138331233116
oc=[2, 3, 4, 5, 6, 7, 9, 12, 13], z = 350.11138331233116
oc=[3, 4, 5, 6, 7, 8, 9, 11, 12, 13], z = 351.525503704451
oc=[3, 4, 5, 6, 7, 8, 9, 12, 13], z = 376.90624125837303
oc=[3, 4, 5, 6, 7, 8, 9, 12, 13], z = 376.90624125837303
oc=[2, 3, 4, 5, 6, 7, 8, 9, 10, 13], z = 360.51413368143915
oc=[2, 3, 5, 6, 7, 8, 9, 10, 11, 13], z = 362.82388634738174
oc=[2, 3, 5, 6, 7, 8, 9, 10, 13], z = 389.074917086464
oc=[2, 3, 5, 6, 7, 8, 9, 10, 11, 13], z = 362.82388634738174
oc=[2, 3, 6, 7, 8, 9, 10, 11, 13], z = 370.8323301184
oc=[2, 3, 6, 7, 8, 9, 10, 13], z = 397.0857480000001
oc=[2, 3, 6, 7, 8, 9, 10, 11, 13], z = 370.8323301184
oc=[3, 6, 7, 8, 9, 10, 13], z = 402.782712
oc=[1, 2, 4, 5, 6, 7, 8, 9, 11, 12, 13], z = 333.3363502346733
oc=[1, 2, 4, 5, 6, 7, 8, 9, 12, 13], z = 357.9639039128433
oc=[1, 2, 4, 5, 6, 7, 8, 9, 11, 12, 13], z = 333.3363502346733
oc=[1, 5, 7, 9, 12, 13], z = 386.444384
oc=[2, 3, 4, 5, 7, 8, 9, 10, 11, 13], z = 326.982868796414
oc=[2, 3, 4, 5, 7, 8, 9, 10, 13], z = 353.2145853823773
oc=[2, 3, 4, 5, 7, 8, 9, 10, 11, 13], z = 326.982868796414
oc=[2, 3, 4, 5, 7, 9, 10, 13], z = 352.7505315194339
oc=[1, 2, 3, 7, 9, 10, 11, 12, 13], z = 351.61146811713155
oc=[2, 7, 8, 9, 10, 11, 13], z = 375.87782400000003
oc=[2, 5, 6, 7, 8, 9, 10, 11, 13], z = 358.196695700224
oc=[2, 5, 6, 7, 8, 9, 10, 13], z = 383.0808214335999
oc=[2, 5, 6, 7, 8, 9, 10, 11, 13], z = 358.196695700224
oc=[2, 4, 6, 7, 9, 10, 11, 13], z = 356.37371792
oc=[1, 2, 4, 5, 7, 8, 9, 10, 11, 12, 13], z = 326.7018177831527
oc=[2, 3, 7, 8, 9, 10, 11, 13], z = 380.50449411839986
oc=[2, 3, 7, 8, 9, 10, 13], z = 406.757912
oc=[2, 3, 7, 8, 9, 10, 11, 13], z = 380.50449411839986
oc=[1, 2, 7, 9, 10, 13], z = 413.4952
oc=[2, 3, 4, 6, 7, 8, 9, 10, 11, 13], z = 365.49741203840006
oc=[2, 3, 4, 6, 7, 8, 9, 10, 13], z = 391.7508299200001
oc=[2, 3, 4, 6, 7, 8, 9, 10, 13], z = 391.7508299200001
oc=[3, 4, 5, 6, 7, 9, 10, 13], z = 376.227961059328
oc=[2, 3, 4, 7, 8, 9, 11, 12, 13], z = 351.48072351999997
oc=[2, 3, 4, 7, 8, 9, 12, 13], z = 377.014712
oc=[2, 3, 4, 7, 8, 9, 11, 12, 13], z = 351.48072351999997
oc=[2, 3, 5, 7, 8, 9, 11, 12, 13], z = 352.64068923801597
oc=[2, 3, 5, 7, 8, 9, 12, 13], z = 378.1529764224
oc=[2, 3, 5, 7, 8, 9, 11, 12, 13], z = 352.64068923801597
oc=[2, 4, 5, 6, 7, 8, 9, 11, 12, 13], z = 325.3122422417696
oc=[2, 3, 5, 7, 9, 11, 12, 13], z = 347.29145495039995
oc=[2, 3, 5, 7, 9, 12, 13], z = 377.68892256
oc=[2, 3, 5, 7, 9, 11, 12, 13], z = 347.29145495039995
oc=[2, 3, 4, 5, 7, 8, 9, 11, 12, 13], z = 323.2222981980119
oc=[2, 3, 4, 5, 7, 8, 9, 12, 13], z = 348.7345853823547
oc=[2, 3, 4, 5, 7, 8, 9, 12, 13], z = 348.7345853823547
oc=[2, 5, 7, 9, 11, 12, 13], z = 344.30215296
oc=[1, 2, 4, 5, 7, 8, 9, 13], z = 342.96304512000006
oc=[2, 3, 4, 5, 7, 9, 11, 12, 13], z = 317.8730639102981
oc=[2, 3, 4, 5, 7, 9, 12, 13], z = 348.27053151886787
oc=[2, 3, 4, 5, 7, 9, 12, 13], z = 348.27053151886787
oc=[2, 3, 7, 8, 9, 11, 12, 13], z = 376.74392351999995
oc=[2, 3, 7, 8, 9, 12, 13], z = 402.277912
oc=[2, 3, 7, 8, 9, 11, 12, 13], z = 376.74392351999995
oc=[3, 7, 8, 9, 11, 12, 13], z = 387.00872352
oc=[3, 7, 8, 9, 12, 13], z = 412.54271199999994
oc=[3, 7, 8, 9, 11, 12, 13], z = 387.00872352
oc=[2, 3, 4, 5, 6, 7, 8, 9, 10, 11, 13], z = 334.44659649569934
oc=[2, 3, 4, 5, 6, 7, 8, 9, 10, 13], z = 360.51413368143915
oc=[2, 3, 4, 5, 6, 7, 8, 9, 10, 11, 13], z = 334.44659649569934
oc=[1, 2, 4, 8, 9, 10, 11, 13], z = 359.459424
oc=[1, 2, 4, 8, 9, 10, 13], z = 384.35119999999995
oc=[1, 2, 4, 8, 9, 10, 11, 13], z = 359.459424
oc=[1, 2, 6, 9, 10, 11, 13], z = 365.9856000000001
oc=[1, 2, 6, 9, 10, 13], z = 398.6
oc=[1, 2, 6, 9, 10, 13], z = 398.6
oc=[1, 2, 5, 6, 9, 10, 11, 13], z = 356.65513358527994
oc=[1, 2, 5, 6, 9, 10, 13], z = 388.700051392
oc=[1, 2, 5, 6, 9, 10, 13], z = 388.700051392
oc=[1, 2, 5, 9, 10, 11, 13], z = 350.52847935999995
oc=[3, 5, 6, 7, 8, 9, 11, 12, 13], z = 364.2634634289817
oc=[3, 5, 6, 7, 8, 9, 12, 13], z = 389.7950647664639
oc=[3, 5, 6, 7, 8, 9, 11, 12, 13], z = 364.2634634289817
oc=[3, 7, 9, 11, 12, 13], z = 381.711
oc=[3, 7, 9, 12, 13], z = 412.651
oc=[3, 7, 9, 11, 12, 13], z = 381.711
oc=[1, 3, 5, 6, 7, 9, 10, 11, 13], z = 337.92739755120664
oc=[1, 6, 7, 9, 10, 11, 13], z = 376.9056
oc=[3, 6, 7, 9, 12, 13], z = 398.41099999999994
oc=[1, 2, 4, 7, 8, 9, 10, 13], z = 385.0064
oc=[1, 7, 8, 9, 11, 12, 13], z = 391.22959999999995
oc=[1, 7, 8, 9, 12, 13], z = 416.05439999999993
oc=[1, 7, 8, 9, 12, 13], z = 416.05439999999993
oc=[3, 4, 7, 8, 9, 10, 13], z = 399.54271200000005
oc=[3, 5, 7, 9, 11, 12, 13], z = 353.0397429504
oc=[3, 5, 7, 9, 12, 13], z = 383.43721056
oc=[3, 5, 7, 9, 12, 13], z = 383.43721056
oc=[1, 4, 6, 7, 8, 9, 10, 13], z = 408.4656
oc=[2, 3, 4, 7, 8, 9, 10, 11, 13], z = 355.2412941184
oc=[2, 3, 4, 7, 8, 9, 10, 13], z = 381.49471199999994
oc=[2, 3, 4, 7, 8, 9, 10, 13], z = 381.49471199999994
oc=[2, 3, 5, 7, 9, 10, 11, 13], z = 350.09705495040004
oc=[2, 3, 5, 7, 9, 10, 13], z = 382.16892256000006
oc=[2, 3, 5, 7, 9, 10, 11, 13], z = 350.09705495040004
oc=[1, 2, 3, 4, 6, 7, 8, 9, 10, 12, 13], z = 397.51742461482786
oc=[1, 3, 4, 5, 6, 7, 8, 9, 10, 11, 12, 13], z = 271.9031413140013
oc=[1, 2, 4, 5, 7, 9, 10, 12, 13], z = 362.6121049599999
oc=[3, 4, 5, 7, 9, 10, 11, 13], z = 338.3653429504001
oc=[3, 4, 5, 6, 7, 8, 9, 10, 13], z = 381.38624125837305
oc=[3, 5, 7, 8, 9, 10, 13], z = 388.38126442239997
oc=[1, 6, 7, 9, 11, 12, 13], z = 374.1
oc=[1, 6, 7, 9, 12, 13], z = 405.03999999999996
oc=[1, 6, 7, 9, 11, 12, 13], z = 374.1
oc=[1, 2, 4, 5, 6, 7, 9, 10, 11, 13], z = 329.96568524603526
oc=[1, 2, 6, 7, 8, 9, 10, 13], z = 400.597436
oc=[1, 2, 5, 7, 8, 9, 10, 13], z = 385.2614361600001
oc=[1, 7, 9, 10, 11, 13], z = 391.14559999999994
oc=[3, 6, 7, 8, 9, 10, 13], z = 402.782712
oc=[3, 4, 6, 7, 9, 11, 12, 13], z = 369.64220000000006
oc=[1, 2, 4, 5, 6, 7, 8, 9, 10, 13], z = 362.4439039128433
oc=[1, 2, 3, 4, 5, 6, 7, 9, 10, 11, 13], z = 296.00927968683015
oc=[1, 2, 4, 6, 7, 9, 10, 11, 13], z = 365.87371792
oc=[1, 2, 6, 7, 8, 9, 10, 11, 13], z = 375.7056600000001
oc=[1, 2, 6, 7, 8, 9, 10, 11, 13], z = 375.7056600000001
oc=[1, 2, 6, 7, 8, 9, 10, 13], z = 400.597436
oc=[1, 2, 6, 7, 8, 9, 10, 11, 13], z = 375.7056600000001
oc=[1, 2, 4, 7, 8, 9, 10, 11, 13], z = 360.11462400000005
oc=[1, 2, 5, 7, 8, 9, 10, 11, 13], z = 360.49519997440007
oc=[1, 2, 5, 7, 8, 9, 10, 13], z = 385.2614361600001
oc=[1, 2, 5, 7, 8, 9, 10, 13], z = 385.2614361600001
oc=[1, 2, 7, 8, 9, 10, 11, 13], z = 385.37782400000003
oc=[1, 2, 7, 8, 9, 10, 13], z = 410.26959999999997
oc=[1, 2, 7, 8, 9, 10, 11, 13], z = 385.37782400000003
oc=[1, 2, 6, 7, 9, 10, 11, 13], z = 371.20863600000007
oc=[1, 4, 5, 6, 7, 8, 9, 12, 13], z = 378.8906766936064
oc=[1, 2, 4, 8, 9, 11, 12, 13], z = 355.0464
oc=[1, 2, 4, 8, 9, 12, 13], z = 379.87119999999993
oc=[1, 2, 4, 8, 9, 11, 12, 13], z = 355.0464
oc=[1, 7, 8, 9, 10, 13], z = 420.5344
oc=[1, 2, 6, 7, 9, 10, 11, 13], z = 371.20863600000007
oc=[1, 2, 6, 7, 9, 10, 13], z = 403.82303600000006
oc=[1, 2, 6, 7, 9, 10, 11, 13], z = 371.20863600000007
oc=[3, 5, 6, 9, 10, 11, 13], z = 350.84567372454393
oc=[3, 5, 6, 9, 10, 13], z = 383.40039516159993
oc=[3, 5, 6, 9, 10, 13], z = 383.40039516159993
oc=[3, 6, 9, 10, 11, 13], z = 359.35659999999996
oc=[3, 6, 9, 10, 13], z = 391.971
oc=[3, 6, 9, 10, 11, 13], z = 359.35659999999996
oc=[3, 6, 8, 9, 10, 11, 13], z = 365.60929411839993
oc=[3, 6, 8, 9, 10, 13], z = 391.862712
oc=[3, 6, 8, 9, 10, 13], z = 391.862712
oc=[3, 5, 6, 8, 9, 10, 11, 13], z = 357.10403402738166
oc=[3, 5, 6, 8, 9, 10, 13], z = 383.3550647664639
oc=[3, 5, 6, 8, 9, 10, 11, 13], z = 357.10403402738166
oc=[3, 4, 5, 7, 8, 9, 11, 12, 13], z = 340.90897723801606
oc=[3, 4, 5, 7, 8, 9, 12, 13], z = 366.4212644224001
oc=[3, 4, 5, 7, 8, 9, 12, 13], z = 366.4212644224001
oc=[3, 4, 7, 8, 9, 10, 13], z = 399.54271200000005
oc=[1, 9, 11, 12, 13], z = 377.42
oc=[9, 12, 13, 1], z = 408.36
oc=[1, 9, 11, 12, 13], z = 377.42
oc=[1, 4, 7, 9, 11, 12, 13], z = 370.86
oc=[1, 4, 6, 9, 12, 13], z = 396.29119999999995
oc=[1, 4, 6, 7, 9, 10, 13], z = 411.6912
oc=[2, 3, 4, 5, 6, 9, 11, 12, 13], z = 323.07476248791164
oc=[2, 3, 4, 5, 6, 9, 12, 13], z = 350.11562143725564
oc=[2, 3, 4, 5, 6, 9, 11, 12, 13], z = 323.07476248791164
oc=[2, 3, 4, 8, 9, 11, 12, 13], z = 350.82552352000005
oc=[2, 3, 4, 8, 9, 12, 13], z = 376.35951200000005
oc=[2, 3, 4, 8, 9, 11, 12, 13], z = 350.82552352000005
oc=[1, 5, 9, 11, 12, 13], z = 347.72287936
oc=[1, 5, 9, 12, 13], z = 375.524384
oc=[1, 5, 9, 11, 12, 13], z = 347.72287936
oc=[3, 4, 5, 6, 7, 8, 9, 10, 11, 13], z = 355.31245140568706
oc=[3, 4, 5, 6, 7, 8, 9, 10, 13], z = 381.38624125837305
oc=[3, 4, 5, 6, 7, 8, 9, 10, 11, 13], z = 355.31245140568706
oc=[3, 4, 5, 7, 9, 10, 13], z = 370.43721056000004
oc=[3, 7, 9, 10, 11, 13], z = 384.51660000000004
oc=[1, 4, 6, 8, 9, 10, 11, 13], z = 372.653824
oc=[1, 4, 6, 8, 9, 10, 13], z = 397.5455999999999
oc=[1, 4, 6, 8, 9, 10, 13], z = 397.5455999999999
oc=[1, 2, 4, 7, 9, 10, 11, 13], z = 355.6175999999999
oc=[1, 3, 5, 7, 8, 9, 10, 11, 13], z = 327.7436714419026
oc=[1, 2, 5, 6, 7, 8, 9, 10, 11, 13], z = 366.9260794234111
oc=[1, 2, 5, 6, 7, 8, 9, 10, 13], z = 391.7950761356799
oc=[1, 2, 5, 6, 7, 8, 9, 10, 13], z = 391.7950761356799
oc=[1, 5, 7, 8, 9, 11, 12, 13], z = 361.8304639744
oc=[1, 5, 7, 8, 9, 12, 13], z = 386.52972416
oc=[1, 5, 7, 8, 9, 11, 12, 13], z = 361.8304639744
oc=[1, 4, 6, 7, 9, 11, 12, 13], z = 376.2712
oc=[1, 4, 6, 7, 9, 12, 13], z = 407.21119999999996
oc=[1, 4, 6, 7, 9, 11, 12, 13], z = 376.2712
oc=[1, 5, 6, 7, 9, 11, 12, 13], z = 364.76953358527993
oc=[1, 5, 6, 7, 9, 12, 13], z = 395.140051392
oc=[1, 5, 6, 7, 9, 11, 12, 13], z = 364.76953358527993
oc=[1, 4, 5, 6, 7, 9, 11, 12, 13], z = 347.53830347120635
oc=[1, 4, 5, 6, 7, 9, 12, 13], z = 373.76865788416
oc=[1, 4, 5, 6, 7, 9, 11, 12, 13], z = 347.53830347120635
oc=[1, 4, 7, 8, 9, 11, 12, 13], z = 373.7496
oc=[1, 4, 7, 8, 9, 12, 13], z = 398.57439999999997
oc=[1, 4, 7, 8, 9, 11, 12, 13], z = 373.7496
oc=[1, 3, 5, 6, 7, 8, 9, 12, 13], z = 363.8264563306385
oc=[1, 4, 5, 7, 8, 9, 11, 12, 13], z = 344.3504639744
oc=[1, 4, 5, 7, 8, 9, 12, 13], z = 369.04972416000004
oc=[1, 4, 5, 7, 8, 9, 12, 13], z = 369.04972416000004
oc=[1, 5, 6, 7, 8, 9, 11, 12, 13], z = 367.7132031034113
oc=[1, 5, 6, 7, 8, 9, 12, 13], z = 392.51522381568
oc=[1, 5, 6, 7, 8, 9, 12, 13], z = 392.51522381568
oc=[1, 4, 6, 7, 8, 9, 11, 12, 13], z = 379.1608
oc=[1, 4, 6, 7, 8, 9, 12, 13], z = 403.9856000000001
oc=[1, 4, 6, 7, 8, 9, 12, 13], z = 403.9856000000001
oc=[1, 6, 7, 8, 9, 10, 13], z = 406.29440000000005
oc=[3, 5, 7, 8, 9, 11, 12, 13], z = 358.388977238016
oc=[3, 5, 7, 8, 9, 12, 13], z = 383.9012644224
oc=[3, 5, 7, 8, 9, 11, 12, 13], z = 358.388977238016
oc=[3, 4, 5, 7, 9, 11, 12, 13], z = 335.55974295040005
oc=[3, 4, 5, 7, 9, 12, 13], z = 365.95721056
oc=[3, 4, 5, 7, 9, 12, 13], z = 365.95721056
oc=[3, 4, 7, 8, 9, 11, 12, 13], z = 369.5287235200001
oc=[3, 4, 7, 8, 9, 12, 13], z = 395.06271200000003
oc=[3, 4, 7, 8, 9, 12, 13], z = 395.06271200000003
oc=[3, 5, 6, 7, 9, 11, 12, 13], z = 358.9600737245439
oc=[3, 5, 6, 7, 9, 12, 13], z = 389.8403951616
oc=[3, 5, 6, 7, 9, 12, 13], z = 389.8403951616
oc=[3, 5, 6, 7, 9, 10, 11, 13], z = 361.76567372454394
oc=[3, 5, 6, 7, 8, 9, 10, 11, 13], z = 368.02403402738173
oc=[3, 5, 6, 7, 8, 9, 10, 13], z = 394.27506476646397
oc=[3, 5, 6, 7, 8, 9, 10, 11, 13], z = 368.02403402738173
oc=[3, 6, 7, 8, 9, 10, 11, 13], z = 376.5292941184
oc=[3, 6, 7, 8, 9, 10, 13], z = 402.782712
oc=[3, 6, 7, 8, 9, 10, 11, 13], z = 376.5292941184
oc=[1, 4, 5, 8, 9, 11, 12, 13], z = 333.4304639744
oc=[1, 4, 5, 8, 9, 12, 13], z = 358.12972416
oc=[1, 4, 5, 8, 9, 12, 13], z = 358.12972416
oc=[1, 4, 9, 11, 12, 13], z = 359.94000000000005
oc=[1, 4, 9, 12, 13], z = 390.88
oc=[1, 4, 9, 11, 12, 13], z = 359.94000000000005
oc=[1, 6, 7, 8, 9, 11, 12, 13], z = 376.9896
oc=[1, 6, 7, 8, 9, 12, 13], z = 401.8144
oc=[1, 6, 7, 8, 9, 12, 13], z = 401.8144
oc=[3, 7, 8, 9, 10, 11, 13], z = 390.7692941184
oc=[3, 7, 8, 9, 10, 13], z = 417.02271199999996
oc=[3, 7, 8, 9, 10, 11, 13], z = 390.7692941184
oc=[1, 2, 4, 6, 8, 9, 11, 12, 13], z = 363.53628799999996
oc=[1, 2, 4, 6, 8, 9, 12, 13], z = 388.3610879999999
oc=[1, 2, 4, 6, 8, 9, 11, 12, 13], z = 363.53628799999996
oc=[1, 5, 7, 9, 10, 13], z = 390.92438400000003
oc=[3, 4, 9, 11, 12, 13], z = 353.31100000000004
oc=[3, 4, 9, 12, 13], z = 384.25100000000003
oc=[3, 4, 9, 11, 12, 13], z = 353.31100000000004
oc=[3, 4, 5, 6, 7, 9, 11, 12, 13], z = 344.6392342112743
oc=[3, 4, 5, 6, 7, 9, 12, 13], z = 371.7479610593281
oc=[3, 4, 5, 6, 7, 9, 11, 12, 13], z = 344.6392342112743
oc=[2, 3, 4, 5, 9, 11, 12, 13], z = 316.8565429504
oc=[2, 3, 4, 5, 9, 12, 13], z = 347.2540105600001
oc=[2, 3, 4, 5, 9, 11, 12, 13], z = 316.8565429504
oc=[3, 4, 5, 8, 9, 12, 13], z = 355.5012644224
oc=[1, 4, 8, 9, 10, 11, 13], z = 367.242624
oc=[1, 4, 8, 9, 10, 13], z = 392.1344
oc=[1, 4, 8, 9, 10, 13], z = 392.1344
oc=[1, 2, 4, 7, 8, 9, 10, 11, 13], z = 360.11462400000005
oc=[1, 2, 4, 7, 8, 9, 10, 13], z = 385.0064
oc=[1, 2, 4, 7, 8, 9, 10, 13], z = 385.0064
oc=[1, 2, 4, 5, 7, 8, 9, 10, 11, 13], z = 331.07680893439993
oc=[1, 2, 4, 5, 7, 8, 9, 10, 13], z = 355.84304511999994
oc=[1, 2, 4, 5, 7, 8, 9, 10, 11, 13], z = 331.07680893439993
oc=[1, 2, 7, 9, 10, 11, 13], z = 380.8808000000001
oc=[1, 2, 5, 6, 7, 9, 10, 11, 13], z = 362.3749859052799
oc=[1, 2, 5, 6, 7, 9, 10, 13], z = 394.41990371199995
oc=[1, 2, 5, 6, 7, 9, 10, 11, 13], z = 362.3749859052799
oc=[1, 4, 5, 7, 8, 9, 10, 11, 13], z = 348.7634879744
oc=[1, 6, 7, 9, 10, 11, 13], z = 376.9056
oc=[1, 4, 5, 7, 9, 10, 13], z = 373.444384
oc=[2, 3, 4, 9, 10, 11, 13], z = 348.33340000000004
oc=[2, 3, 4, 9, 10, 13], z = 380.94780000000003
oc=[2, 3, 4, 9, 10, 11, 13], z = 348.33340000000004
oc=[1, 4, 5, 6, 7, 8, 9, 11, 12, 13], z = 354.25426251708836
oc=[1, 4, 5, 6, 7, 8, 9, 12, 13], z = 378.8906766936064
oc=[1, 4, 5, 6, 7, 8, 9, 12, 13], z = 378.8906766936064
oc=[1, 4, 6, 7, 9, 10, 11, 13], z = 379.07680000000005
oc=[1, 4, 6, 7, 9, 10, 13], z = 411.6912
oc=[1, 4, 6, 7, 9, 10, 13], z = 411.6912
oc=[3, 4, 5, 7, 8, 9, 10, 11, 13], z = 344.66954783641603
oc=[3, 4, 5, 7, 8, 9, 10, 13], z = 370.9012644224
oc=[3, 4, 5, 7, 8, 9, 10, 13], z = 370.9012644224
oc=[3, 6, 7, 9, 11, 12, 13], z = 367.471
oc=[3, 6, 7, 9, 12, 13], z = 398.41099999999994
oc=[3, 6, 7, 9, 12, 13], z = 398.41099999999994
oc=[3, 4, 6, 7, 9, 11, 12, 13], z = 369.64220000000006
oc=[3, 4, 6, 7, 9, 12, 13], z = 400.58220000000006
oc=[3, 4, 6, 7, 9, 12, 13], z = 400.58220000000006
oc=[2, 3, 4, 6, 7, 8, 9, 11, 12, 13], z = 361.73684144
oc=[2, 3, 4, 6, 7, 8, 9, 12, 13], z = 387.2708299200001
oc=[2, 3, 4, 6, 7, 8, 9, 11, 12, 13], z = 361.73684144
oc=[1, 7, 9, 10, 11, 13], z = 391.14559999999994
oc=[1, 7, 9, 10, 13], z = 423.76
oc=[1, 7, 9, 10, 13], z = 423.76
oc=[3, 5, 7, 8, 9, 10, 11, 13], z = 362.14954783641605
oc=[3, 5, 7, 8, 9, 10, 13], z = 388.38126442239997
oc=[3, 5, 7, 8, 9, 10, 13], z = 388.38126442239997
oc=[1, 5, 6, 7, 9, 10, 11, 13], z = 367.57513358528
oc=[1, 5, 6, 7, 9, 10, 13], z = 399.62005139199994
oc=[1, 5, 6, 7, 9, 10, 11, 13], z = 367.57513358528
oc=[3, 4, 8, 9, 10, 11, 13], z = 362.36929411840003
oc=[3, 4, 8, 9, 10, 13], z = 388.622712
oc=[3, 4, 8, 9, 10, 11, 13], z = 362.36929411840003
oc=[3, 4, 6, 9, 10, 11, 13], z = 361.52780000000007
oc=[3, 4, 6, 9, 10, 13], z = 394.1422
oc=[3, 4, 6, 9, 10, 13], z = 394.1422
oc=[3, 5, 9, 10, 11, 13], z = 344.92534295039997
oc=[3, 5, 9, 10, 13], z = 376.99721056
oc=[3, 5, 9, 10, 13], z = 376.99721056
oc=[3, 4, 5, 6, 9, 10, 11, 13], z = 337.18426178217544
oc=[3, 4, 5, 6, 9, 10, 13], z = 365.30796105932797
oc=[3, 4, 5, 6, 9, 10, 11, 13], z = 337.18426178217544
oc=[3, 4, 6, 7, 9, 10, 13], z = 405.06219999999996
oc=[1, 2, 4, 9, 10, 13], z = 387.57680000000005
oc=[1, 2, 4, 5, 9, 10, 11, 13], z = 325.26527935999997
oc=[1, 2, 4, 5, 9, 10, 13], z = 354.741184
oc=[1, 2, 4, 5, 9, 10, 13], z = 354.741184
oc=[1, 7, 8, 9, 10, 11, 13], z = 395.64262399999996
oc=[1, 2, 4, 9, 10, 11, 13], z = 354.9624
oc=[1, 2, 4, 9, 10, 13], z = 387.57680000000005
oc=[1, 2, 4, 9, 10, 11, 13], z = 354.9624
oc=[3, 4, 5, 6, 7, 9, 10, 11, 13], z = 348.10426178217557
oc=[3, 4, 5, 6, 7, 9, 10, 13], z = 376.227961059328
oc=[3, 4, 5, 6, 7, 9, 10, 13], z = 376.227961059328
oc=[3, 4, 7, 8, 9, 10, 11, 13], z = 373.28929411840005
oc=[3, 4, 7, 8, 9, 10, 13], z = 399.54271200000005
oc=[3, 4, 7, 8, 9, 10, 13], z = 399.54271200000005
oc=[1, 4, 5, 7, 9, 10, 11, 13], z = 343.96847936
oc=[1, 4, 5, 7, 9, 10, 13], z = 373.444384
oc=[1, 4, 5, 7, 9, 10, 13], z = 373.444384
oc=[3, 4, 5, 7, 9, 10, 11, 13], z = 338.3653429504001
oc=[3, 4, 5, 7, 9, 10, 13], z = 370.43721056000004
oc=[3, 4, 5, 7, 9, 10, 11, 13], z = 338.3653429504001
oc=[1, 7, 8, 9, 10, 11, 13], z = 395.64262399999996
oc=[1, 7, 8, 9, 10, 13], z = 420.5344
oc=[1, 7, 8, 9, 10, 13], z = 420.5344
oc=[1, 2, 3, 4, 6, 7, 8, 9, 10, 11, 13], z = 358.58801161484826
oc=[1, 2, 4, 6, 7, 8, 9, 10, 11, 13], z = 370.37074192
oc=[1, 2, 4, 6, 7, 8, 9, 10, 13], z = 395.26251792
oc=[1, 2, 4, 6, 7, 8, 9, 10, 11, 13], z = 370.37074192
oc=[1, 4, 5, 6, 7, 9, 10, 11, 13], z = 351.4538640349184
oc=[1, 4, 5, 6, 7, 9, 10, 13], z = 378.24865788415997
oc=[1, 4, 5, 6, 7, 9, 10, 11, 13], z = 351.4538640349184
oc=[1, 4, 6, 7, 8, 9, 10, 13], z = 408.4656
oc=[1, 5, 7, 8, 9, 10, 11, 13], z = 366.2434879743999
oc=[1, 5, 7, 8, 9, 10, 13], z = 391.0097241599999
oc=[1, 5, 7, 8, 9, 10, 11, 13], z = 366.2434879743999
oc=[3, 4, 6, 7, 8, 9, 10, 11, 13], z = 378.70049411840006
oc=[3, 4, 6, 7, 8, 9, 10, 13], z = 404.95391199999995
oc=[3, 4, 6, 7, 8, 9, 10, 13], z = 404.95391199999995
oc=[1, 2, 4, 5, 6, 7, 8, 9, 10, 11, 13], z = 337.7943671019103
oc=[1, 2, 4, 5, 6, 7, 8, 9, 10, 13], z = 362.4439039128433
oc=[1, 2, 4, 5, 6, 7, 8, 9, 10, 11, 13], z = 337.7943671019103
oc=[1, 5, 6, 7, 8, 9, 10, 11, 13], z = 372.1262271034112
oc=[1, 5, 6, 7, 8, 9, 10, 13], z = 396.9952238156801
oc=[1, 5, 6, 7, 8, 9, 10, 13], z = 396.9952238156801
oc=[3, 5, 7, 9, 10, 11, 13], z = 355.8453429504001
oc=[3, 5, 7, 9, 10, 13], z = 387.91721056
oc=[3, 5, 7, 9, 10, 13], z = 387.91721056
oc=[3, 7, 9, 10, 11, 13], z = 384.51660000000004
oc=[3, 7, 9, 10, 13], z = 417.13100000000003
oc=[3, 7, 9, 10, 13], z = 417.13100000000003
oc=[3, 4, 6, 7, 9, 10, 11, 13], z = 372.4478000000001
oc=[3, 4, 6, 7, 9, 10, 13], z = 405.06219999999996
oc=[3, 4, 6, 7, 9, 10, 13], z = 405.06219999999996
oc=[1, 6, 7, 9, 10, 11, 13], z = 376.9056
oc=[1, 6, 7, 9, 10, 13], z = 409.52
oc=[1, 6, 7, 9, 10, 13], z = 409.52
oc=[1, 4, 6, 7, 8, 9, 10, 11, 13], z = 383.57382400000006
oc=[1, 4, 6, 7, 8, 9, 10, 13], z = 408.4656
oc=[1, 4, 6, 7, 8, 9, 10, 13], z = 408.4656
oc=[1, 2, 4, 9, 12, 13], z = 383.09680000000003
oc=[1, 2, 4, 5, 6, 9, 11, 12, 13], z = 325.96591403223033
oc=[1, 5, 7, 9, 10, 11, 13], z = 361.4484793600001
oc=[1, 5, 7, 9, 10, 13], z = 390.92438400000003
oc=[1, 5, 7, 9, 10, 13], z = 390.92438400000003
oc=[3, 5, 6, 7, 9, 10, 11, 13], z = 361.76567372454394
oc=[3, 5, 6, 7, 9, 10, 13], z = 394.3203951615999
oc=[3, 5, 6, 7, 9, 10, 13], z = 394.3203951615999
oc=[1, 6, 7, 8, 9, 10, 11, 13], z = 381.40262400000006
oc=[1, 6, 7, 8, 9, 10, 13], z = 406.29440000000005
oc=[1, 6, 7, 8, 9, 10, 13], z = 406.29440000000005
oc=[1, 5, 7, 9, 11, 12, 13], z = 358.64287936000005
oc=[1, 5, 7, 9, 12, 13], z = 386.444384
oc=[1, 5, 7, 9, 12, 13], z = 386.444384
oc=[1, 2, 4, 5, 6, 7, 9, 10, 11, 13], z = 329.96568524603526
oc=[1, 2, 4, 5, 6, 7, 9, 10, 13], z = 356.52410551936
oc=[1, 2, 4, 5, 6, 7, 9, 10, 11, 13], z = 329.96568524603526
oc=[1, 4, 7, 9, 10, 11, 13], z = 373.6656
oc=[1, 4, 7, 9, 10, 13], z = 406.28000000000003
oc=[1, 4, 7, 9, 10, 13], z = 406.28000000000003
oc=[1, 4, 5, 7, 9, 11, 12, 13], z = 341.16287936000003
oc=[1, 4, 5, 7, 9, 12, 13], z = 368.964384
oc=[1, 4, 5, 7, 9, 11, 12, 13], z = 341.16287936000003
oc=[1, 4, 5, 6, 7, 8, 9, 10, 11, 13], z = 358.7116849396369
oc=[1, 4, 5, 6, 7, 8, 9, 10, 13], z = 383.3706766936064
oc=[1, 4, 5, 6, 7, 8, 9, 10, 11, 13], z = 358.7116849396369
oc=[1, 3, 5, 6, 7, 9, 10, 11, 13], z = 337.92739755120664
oc=[1, 2, 6, 9, 11, 12, 13], z = 363.18
oc=[1, 2, 6, 9, 12, 13], z = 394.12
oc=[1, 2, 6, 9, 11, 12, 13], z = 363.18
oc=[2, 3, 5, 6, 8, 9, 11, 12, 13], z = 353.34346342898175
oc=[2, 3, 5, 6, 8, 9, 12, 13], z = 378.875064766464
oc=[2, 3, 5, 6, 8, 9, 12, 13], z = 378.875064766464
oc=[1, 4, 5, 7, 8, 9, 10, 11, 13], z = 348.7634879744
oc=[1, 4, 5, 7, 8, 9, 10, 13], z = 373.52972416
oc=[1, 4, 5, 7, 8, 9, 10, 13], z = 373.52972416
oc=[3, 4, 7, 9, 10, 11, 13], z = 367.0366
oc=[3, 4, 7, 9, 10, 13], z = 399.65100000000007
oc=[3, 4, 7, 9, 10, 13], z = 399.65100000000007
oc=[1, 4, 7, 8, 9, 10, 11, 13], z = 378.16262399999994
oc=[1, 4, 7, 8, 9, 10, 13], z = 403.0544
oc=[1, 4, 7, 8, 9, 10, 11, 13], z = 378.16262399999994
oc=[1, 7, 9, 11, 12, 13], z = 388.3399999999999
oc=[1, 7, 9, 12, 13], z = 419.28
oc=[1, 7, 9, 12, 13], z = 419.28
oc=[3, 4, 7, 9, 11, 12, 13], z = 364.23100000000005
oc=[3, 4, 7, 9, 12, 13], z = 395.17100000000005
oc=[3, 4, 7, 9, 11, 12, 13], z = 364.23100000000005
oc=[1, 2, 6, 7, 8, 9, 11, 12, 13], z = 371.29263600000013
oc=[1, 2, 6, 7, 8, 9, 12, 13], z = 396.11743600000005
oc=[1, 2, 6, 7, 8, 9, 11, 12, 13], z = 371.29263600000013
oc=[1, 2, 5, 6, 7, 8, 9, 11, 12, 13], z = 362.5130554234112
oc=[1, 2, 5, 6, 7, 8, 9, 12, 13], z = 387.31507613568
oc=[1, 2, 5, 6, 7, 8, 9, 12, 13], z = 387.31507613568
oc=[1, 2, 7, 8, 9, 12, 13], z = 405.78960000000006
oc=[1, 2, 4, 5, 7, 8, 9, 11, 12, 13], z = 326.6637849343999
oc=[1, 2, 5, 7, 8, 9, 11, 12, 13], z = 356.0821759744
oc=[1, 2, 5, 7, 8, 9, 12, 13], z = 380.78143616000006
oc=[1, 2, 5, 7, 8, 9, 12, 13], z = 380.78143616000006
oc=[1, 2, 7, 8, 9, 11, 12, 13], z = 380.9647999999999
oc=[1, 2, 7, 8, 9, 12, 13], z = 405.78960000000006
oc=[1, 2, 7, 8, 9, 12, 13], z = 405.78960000000006
oc=[1, 2, 4, 7, 8, 9, 11, 12, 13], z = 355.7016
oc=[1, 2, 4, 7, 8, 9, 12, 13], z = 380.52639999999997
oc=[1, 2, 4, 7, 8, 9, 12, 13], z = 380.52639999999997
oc=[1, 2, 4, 5, 7, 8, 9, 11, 12, 13], z = 326.6637849343999
oc=[1, 2, 4, 5, 7, 8, 9, 12, 13], z = 351.36304512000004
oc=[1, 2, 4, 5, 7, 8, 9, 12, 13], z = 351.36304512000004
oc=[1, 2, 9, 10, 11, 13], z = 380.2256
oc=[1, 2, 9, 10, 13], z = 412.84000000000003
oc=[1, 2, 9, 10, 13], z = 412.84000000000003
oc=[2, 3, 4, 7, 9, 10, 11, 13], z = 348.9886
oc=[2, 3, 4, 7, 9, 10, 13], z = 381.60300000000007
oc=[2, 3, 4, 7, 9, 10, 13], z = 381.60300000000007
oc=[2, 3, 4, 5, 7, 9, 10, 11, 13], z = 320.6786639103491
oc=[2, 3, 4, 5, 7, 9, 10, 13], z = 352.7505315194339
oc=[2, 3, 4, 5, 7, 9, 10, 13], z = 352.7505315194339
oc=[1, 4, 7, 9, 11, 12, 13], z = 370.86
oc=[1, 4, 7, 9, 12, 13], z = 401.80000000000007
oc=[1, 4, 7, 9, 12, 13], z = 401.80000000000007
oc=[2, 3, 4, 6, 8, 9, 11, 12, 13], z = 359.31541152
oc=[2, 3, 4, 6, 8, 9, 12, 13], z = 384.8494
oc=[2, 3, 4, 6, 8, 9, 12, 13], z = 384.8494
oc=[2, 3, 4, 5, 6, 8, 9, 11, 12, 13], z = 330.56567709561244
oc=[2, 3, 4, 5, 6, 8, 9, 12, 13], z = 355.94369993358623
oc=[2, 3, 4, 5, 6, 8, 9, 12, 13], z = 355.94369993358623
oc=[1, 2, 4, 6, 7, 8, 9, 11, 12, 13], z = 365.95771791999994
oc=[1, 2, 4, 6, 7, 8, 9, 12, 13], z = 390.78251792000003
oc=[1, 2, 4, 6, 7, 8, 9, 11, 12, 13], z = 365.95771791999994
oc=[3, 6, 7, 9, 10, 11, 13], z = 370.2766
oc=[3, 6, 7, 9, 10, 13], z = 402.89099999999996
oc=[3, 6, 7, 9, 10, 13], z = 402.89099999999996
oc=[3, 6, 8, 9, 12, 13], z = 387.38271199999997
oc=[3, 5, 8, 9, 11, 12, 13], z = 347.46897723801595
oc=[1, 2, 7, 9, 10, 11, 13], z = 380.8808000000001
oc=[1, 2, 7, 9, 10, 13], z = 413.4952
oc=[1, 2, 7, 9, 10, 13], z = 413.4952
oc=[1, 2, 5, 7, 9, 10, 11, 13], z = 355.70019135999996
oc=[1, 2, 5, 7, 9, 10, 13], z = 385.176096
oc=[1, 2, 5, 7, 9, 10, 13], z = 385.176096
oc=[1, 2, 4, 5, 7, 9, 10, 11, 13], z = 326.28180032
oc=[1, 2, 4, 5, 7, 9, 10, 13], z = 355.75770495999996
oc=[1, 2, 4, 5, 7, 9, 10, 11, 13], z = 326.28180032
oc=[1, 2, 4, 6, 7, 9, 10, 11, 13], z = 365.87371792
oc=[1, 2, 4, 6, 7, 9, 10, 13], z = 398.4881179199999
oc=[1, 2, 4, 6, 7, 9, 10, 11, 13], z = 365.87371792
oc=[1, 2, 3, 4, 6, 7, 9, 10, 11, 13], z = 351.6625034693358
oc=[1, 4, 5, 9, 11, 12, 13], z = 330.24287936
oc=[1, 4, 5, 9, 12, 13], z = 358.04438400000004
oc=[1, 4, 5, 9, 12, 13], z = 358.04438400000004
oc=[1, 2, 3, 4, 6, 7, 8, 9, 11, 12, 13], z = 355.45495842883685
oc=[2, 3, 4, 5, 8, 9, 11, 12, 13], z = 322.20577723801597
oc=[2, 3, 4, 5, 8, 9, 12, 13], z = 347.71806442239995
oc=[2, 3, 4, 5, 8, 9, 11, 12, 13], z = 322.20577723801597
oc=[3, 4, 5, 8, 9, 11, 12, 13], z = 329.9889772380161
oc=[3, 4, 5, 8, 9, 12, 13], z = 355.5012644224
oc=[3, 4, 5, 8, 9, 12, 13], z = 355.5012644224
oc=[2, 3, 4, 6, 7, 9, 10, 13], z = 391.85911792
oc=[1, 2, 4, 7, 9, 10, 11, 13], z = 355.6175999999999
oc=[1, 2, 4, 7, 9, 10, 13], z = 388.23199999999997
oc=[1, 2, 4, 7, 9, 10, 13], z = 388.23199999999997
oc=[1, 2, 5, 9, 10, 11, 13], z = 350.52847935999995
oc=[1, 2, 5, 9, 10, 13], z = 380.00438399999996
oc=[1, 2, 5, 9, 10, 11, 13], z = 350.52847935999995
oc=[1, 2, 4, 5, 6, 9, 11, 12, 13], z = 325.96591403223033
oc=[1, 2, 4, 5, 6, 9, 12, 13], z = 352.04834364416
oc=[1, 2, 4, 5, 6, 9, 12, 13], z = 352.04834364416
oc=[2, 3, 4, 8, 9, 10, 11, 13], z = 354.5860941184
oc=[2, 3, 4, 8, 9, 10, 13], z = 380.839512
oc=[2, 3, 4, 8, 9, 10, 11, 13], z = 354.5860941184
oc=[2, 4, 5, 6, 7, 8, 9, 10, 11, 13], z = 329.77025910900664
oc=[2, 4, 5, 6, 7, 8, 9, 10, 13], z = 354.4266726255514
oc=[2, 4, 5, 6, 7, 8, 9, 10, 13], z = 354.4266726255514
oc=[2, 3, 7, 9, 10, 11, 13], z = 374.2518
oc=[2, 3, 7, 9, 10, 13], z = 406.86620000000005
oc=[2, 3, 7, 9, 10, 13], z = 406.86620000000005
oc=[3, 9, 10, 11, 13], z = 373.59659999999997
oc=[9, 10, 3, 13], z = 406.211
oc=[3, 9, 10, 11, 13], z = 373.59659999999997
oc=[3, 4, 9, 10, 11, 13], z = 356.1166
oc=[3, 4, 9, 10, 13], z = 388.731
oc=[3, 4, 9, 10, 13], z = 388.731
oc=[3, 4, 5, 9, 10, 11, 13], z = 327.44534295040006
oc=[3, 4, 5, 9, 10, 13], z = 359.51721056
oc=[3, 4, 5, 9, 10, 13], z = 359.51721056
MIN - MONTE CARLO - OTIMIZADO
248.1 <- [1, 2, 3, 4, 5, 6, 8, 9, 10, 11, 12, 13]
MIN - EXAUSTIVO
248.1 <- [1, 2, 3, 4, 5, 6, 8, 9, 10, 11, 12, 13]
