NAME : instance2
TYPE : TSP
DIMENSION : 14
EDGE_WEIGHT_TYPE : EUC_2D
NODE_COORD_SECTION
1 32 6
2 80 77
3 10 4
4 86 77
5 5 52
6 32 94
7 39 49
8 25 3
9 68 48
10 65 80
11 77 14
12 99 2
13 74 13
14 87 70
ACCEPTED_PROBABILITIES
0.020669624592521307
0.2990840318396233
0.021501051369915092
0.4640928902089929
0.7862898589578172
0.26934051004895454
0.8982378243987975
0.704443064847012
0.8732709690654726
0.0654237246494167
0.4010964490810075
0.07989146742844044
0.559246320424422
0.3826072495437086
OUTSOURCING_COSTS
14
10
11
11
10
13
14
12
10
15
15
11
10
15
