NAME : instance1
TYPE : TSP
DIMENSION : 13
EDGE_WEIGHT_TYPE : EUC_2D
NODE_COORD_SECTION
1 3 15
2 23 78
3 42 53
4 34 8
5 17 47
6 91 78
7 8 12
8 83 53
9 25 82
10 79 58
11 69 35
12 39 72
13 83 10
ACCEPTED_PROBABILITIES
0.262663699297175151
0.9105203232699572
0.5761007748204056
0.9693661729369689
0.04330927647637206
0.4527361806679503
0.2997500515945183
0.7681239442857066
0.7287134404031639
0.5117792891431739
0.97705279241079
0.20444750927283328
0.08331003390462965
OUTSOURCING_COSTS
6
3
10
3
9
2
9
7
7
6
5
6
2
