NAME : instance3
TYPE : TSP
DIMENSION : 15
EDGE_WEIGHT_TYPE : EUC_2D
NODE_COORD_SECTION
1 57 3
2 60 52
3 91 13
4 77 56
5 52 6
6 50 8
7 99 38
8 1 81
9 12 31
10 94 45
11 44 16
12 23 78
13 27 100
14 33 61
15 85 28
ACCEPTED_PROBABILITIES
0.3651823392606387
0.4295896155160178
0.818411756528453
0.1948885488542671
0.6277083324079809
0.27518367917667363
0.3048153363238888
0.8066454911376206
0.5942252122559062
0.13593155714825245
0.6079522100064465
0.5371995793533364
0.9954007884255917
0.6472665214458186
0.3190960306606727
OUTSOURCING_COSTS
5
5
5
13
15
6
13
7
15
14
5
10
11
6
5
