Academic license - for non-commercial use only - expires 2022-09-27
Using license file C:\gurobi912\win64\gurobi.lic
SOLUÇÃO SEM ENTREGADORES OCASIONAIS -> 520
oc=[9, 2, 6, 1], z = 520.6088
oc=[9, 5, 7], z = 483.82779999999997
oc=[2, 3, 4, 5, 6, 7, 8], z = 499.60352327999993
oc=[9, 2, 11, 1], z = 519.3902
oc=[11, 2, 3, 5], z = 535.2075
oc=[3, 4, 6, 8, 10, 11], z = 529.2402040000001
oc=[2, 3, 8, 9, 10], z = 533.4744479999999
oc=[1, 3, 4, 5, 6, 7, 8, 9, 10], z = 481.54118949760004
oc=[3, 4, 9, 10, 11], z = 526.5706000000004
oc=[1, 3, 5, 9, 10], z = 519.318786
oc=[1, 3, 7, 9, 10, 11], z = 482.91819284799993
oc=[10, 11, 4, 5], z = 520.1082699999998
oc=[2, 4, 5, 6, 8, 10, 11], z = 528.8305594647602
oc=[2, 4, 6, 7, 9, 11], z = 487.86461999999983
oc=[1, 2, 6, 7, 8, 9, 10], z = 481.5594379199999
oc=[1, 3, 4, 5, 6, 7, 8, 9, 10], z = 481.54118949760004
oc=[8, 1, 2, 5], z = 519.9946999999999
oc=[11, 1, 3, 5], z = 521.9662350000001
oc=[3, 4, 6, 7, 9, 10], z = 487.247236
oc=[11, 1, 3], z = 523.2045
oc=[2, 3, 7, 9, 11], z = 495.56441999999987
oc=[1, 2, 3, 4, 6, 8, 10, 11], z = 528.0935900699938
oc=[1, 3, 4, 5, 6], z = 520.3064640000001
oc=[1, 2, 3, 4, 5, 7, 8, 11], z = 490.0212416399998
oc=[1, 2, 4, 6, 7, 9], z = 480.6466320000002
oc=[1, 2, 3, 5, 6, 7, 8, 9, 10], z = 487.70467349759997
oc=[2, 3, 4, 7, 9, 10], z = 491.95175399999994
oc=[9, 1, 7], z = 475.07093199999997
oc=[1, 2, 3, 5, 7, 8, 9, 10, 11], z = 488.75959232271975
oc=[1, 2, 3, 4, 5, 6, 8, 9, 10, 11], z = 526.9466819230933
oc=[2, 3, 4, 5, 6, 7, 8, 10], z = 497.25309635707237
oc=[4, 6, 7, 8, 9, 10, 11], z = 484.63139680000023
oc=[2, 3, 5, 6, 7, 9, 11], z = 497.79101999999983
oc=[1, 2, 3, 4, 5, 7, 8, 11], z = 490.0212416399998
oc=[1, 5, 6, 7, 10, 11], z = 475.28319625
oc=[2, 3, 6, 7, 8, 10], z = 496.9416479999999
oc=[2, 3, 4, 6, 9], z = 532.1837002800002
oc=[1, 2, 3, 5, 9, 10], z = 523.9842860000002
oc=[1, 3, 7], z = 484.7395
oc=[1, 3, 7, 8, 9, 11], z = 486.83829519999983
oc=[8, 10, 11, 7], z = 484.5357399999999
oc=[11, 1, 3, 7], z = 485.0125000000001
oc=[1, 3, 6, 9, 10], z = 521.355
oc=[2, 3, 4, 7, 9, 10], z = 491.95175399999994
oc=[1, 2, 3, 4, 5, 6, 7, 10, 11], z = 486.0166404634129
oc=[11, 4, 7], z = 482.5213
oc=[2, 3, 6, 7, 9, 10, 11], z = 494.94175680000006
oc=[2, 3, 8, 9, 11], z = 536.0913
oc=[1, 3, 6, 9, 10, 11], z = 522.6569999999999
oc=[2, 3, 5, 6, 8, 9], z = 538.3389000000001
oc=[1, 2, 3, 4, 5, 6, 7, 8], z = 489.34706346487144
oc=[2, 3, 5, 6, 7, 8, 9, 10], z = 497.99652000000003
oc=[2, 3, 5, 7, 8], z = 500.6708999999999
oc=[2, 6, 7, 8, 9, 11], z = 491.03082
oc=[1, 2, 3, 5, 7, 9, 11], z = 487.5605705040001
oc=[2, 3, 4, 5, 6, 8, 9], z = 536.70392328
oc=[3, 5, 9, 10, 11], z = 529.28557
oc=[8, 2, 3, 4], z = 534.8570066399999
oc=[2, 3, 4, 5, 6, 8, 9, 10, 11], z = 535.4215031406712
oc=[1, 3, 4, 6, 7, 9], z = 482.6329960000001
oc=[10, 3, 6, 7], z = 489.76089999999994
oc=[1, 3, 5, 6, 8, 11], z = 525.2674349999999
oc=[8, 10, 3, 4], z = 527.9434
oc=[1, 2, 3, 5, 6, 8, 9, 10], z = 527.0671339999999
oc=[1, 2, 3, 7, 8, 10, 11], z = 490.97105640000007
oc=[1, 2, 3, 4, 7, 8, 10, 11], z = 489.96226495439987
oc=[1, 2, 3, 4, 6, 7, 8, 9], z = 489.86628727714236
oc=[1, 2, 3, 6, 7], z = 489.97259999999994
oc=[2, 3, 8, 9, 11], z = 536.0913
oc=[2, 3, 7, 8, 9, 10, 11], z = 496.91251320000003
oc=[1, 2, 3, 4, 7, 8, 9, 11], z = 490.3517018399998
oc=[8, 9, 10, 5], z = 522.2695
oc=[1, 2, 4, 5, 9, 11], z = 517.6790209999999
oc=[1, 2, 4, 5, 8, 9, 10], z = 517.3039155200001
oc=[1, 2, 3, 4, 6, 8, 11], z = 529.3930535446401
oc=[1, 3, 4, 5, 7, 8, 9, 10, 11], z = 483.18963325564
oc=[1, 3, 4, 6, 8, 9], z = 524.7473640000001
oc=[1, 2, 3, 5, 6, 8, 9], z = 529.4109860000003
oc=[3, 4, 5, 6, 7, 8, 9], z = 494.1234639999998
oc=[3, 5, 6, 8, 9, 11], z = 533.8012000000002
oc=[2, 3, 6, 7, 8, 10], z = 496.9416479999999
oc=[2, 3, 4, 6, 8, 9], z = 534.7530887663999
oc=[1, 2, 3, 5, 6, 7, 8, 10, 11], z = 490.1624418851869
oc=[1, 2, 3, 5, 7, 9], z = 486.81417288
oc=[1, 2, 4, 8, 9, 11], z = 521.3936
oc=[4, 7, 8, 9, 10], z = 481.70867200000004
oc=[4, 6, 8, 9, 10], z = 521.1987999999999
oc=[1, 2, 4, 5, 6, 7, 8, 10, 11], z = 481.89096235271603
oc=[2, 4, 6, 7], z = 488.43330000000003
oc=[2, 3, 5, 6, 7, 8, 9, 11], z = 500.37582
oc=[1, 2, 4, 5, 8, 10, 11], z = 518.5905250299959
oc=[2, 3, 4, 5, 6, 7, 8, 9, 11], z = 498.7453000173208
oc=[1, 2, 3, 5, 7, 8, 11], z = 491.0245350000001
oc=[2, 3, 7], z = 496.1330999999999
oc=[2, 5, 6, 7, 8, 9, 10, 11], z = 491.48653923599977
oc=[2, 3, 5, 6, 7, 8, 10, 11], z = 499.9591824359999
oc=[2, 3, 5, 6, 7, 8, 9, 11], z = 500.37582
oc=[1, 2, 5, 6, 10, 11], z = 518.1406962499999
oc=[1, 2, 3, 5, 6, 10, 11], z = 525.8266962500003
oc=[2, 3, 6, 7, 9, 11], z = 496.13201999999995
oc=[1, 2, 3, 7, 9, 10, 11], z = 487.58369284800006
oc=[1, 2, 3, 5, 8], z = 528.6047000000001
oc=[1, 2, 3, 4, 5, 7, 8, 9, 10, 11], z = 487.7504701945896
oc=[2, 3, 5, 7, 8, 11], z = 500.6499
oc=[1, 2, 5, 7, 8, 9], z = 480.7889728799999
oc=[1, 2, 3, 6], z = 528.1646000000001
oc=[2, 3, 4, 5, 6, 7, 9, 10], z = 493.86227650708605
oc=[2, 3, 5, 7, 9, 10, 11], z = 496.06402679999997
oc=[1, 2, 3, 4, 5, 6, 8, 10, 11], z = 526.7159838868338
oc=[3, 5, 6, 8, 10], z = 531.4891
oc=[2, 3, 4, 6, 7, 8, 9, 10], z = 494.4038761679145
oc=[1, 2, 3, 7, 8, 11], z = 492.2628
oc=[1, 2, 3, 4, 5, 6, 7, 9], z = 485.76318138022884
oc=[1, 2, 7, 10, 11], z = 479.82270000000005
oc=[1, 2, 3, 6, 7, 8, 9, 10], z = 489.24543791999986
oc=[1, 2, 3, 4, 8, 10], z = 526.8286643984
oc=[2, 3, 5, 6, 7, 8, 10, 11], z = 499.9591824359999
oc=[2, 3, 4, 5, 6, 8, 9, 10, 11], z = 535.4215031406712
oc=[2, 3, 8, 9, 10, 11], z = 534.7995563999998
oc=[1, 2, 3, 5, 6, 7, 8, 9, 10, 11], z = 489.3277673931134
oc=[1, 2, 3, 5, 6, 7, 8, 11], z = 491.5921350000003
oc=[1, 2, 3, 4, 5, 8, 9, 10, 11], z = 527.006870913803
oc=[1, 3, 4, 8, 9, 11], z = 525.0431999999998
oc=[2, 3, 5, 7, 8, 9], z = 499.6881
oc=[2, 3, 4, 6, 7, 11], z = 495.35630027999997
oc=[1, 2, 3, 5, 8], z = 528.6047000000001
oc=[1, 2, 3, 4, 7, 8, 9, 11], z = 490.3517018399998
oc=[1, 2, 3, 4, 8, 9, 10, 11], z = 528.2844649544
oc=[2, 3, 5, 7, 8, 9, 11], z = 499.80821999999984
oc=[2, 3, 5, 8, 9, 10, 11], z = 536.491982436
oc=[2, 3, 8, 9, 11], z = 536.0913
oc=[3, 5, 6, 8, 9, 10], z = 531.4471000000001
oc=[1, 2, 3, 5, 7, 8, 9, 11], z = 490.1453705039997
oc=[2, 3, 5, 7, 8, 9, 10, 11], z = 498.604939236
oc=[2, 3, 5, 8, 9, 10, 11], z = 536.491982436
oc=[2, 3, 5, 7, 8, 9, 10, 11], z = 498.604939236
oc=[2, 3, 5, 6, 7, 8, 9, 11], z = 500.37582
oc=[2, 3, 5, 6, 8, 9, 11], z = 538.3179000000002
oc=[2, 3, 5, 6, 8, 9, 11], z = 538.3179000000002
oc=[2, 3, 4, 5, 6, 8, 9, 11], z = 536.6871459784796
oc=[8, 9, 2, 3], z = 535.8183
oc=[3, 6, 8, 9, 10, 11], z = 530.8137400000004
oc=[2, 3, 4, 5, 6, 7, 8, 9], z = 498.6210833397549
oc=[2, 3, 4, 5, 6, 7, 8, 10], z = 497.25309635707237
oc=[2, 3, 4, 5, 6, 7, 8, 9, 10], z = 496.35525280427794
oc=[1, 2, 3, 4, 5, 7, 8, 10, 11], z = 488.58556341914874
oc=[2, 3, 4, 5, 7], z = 497.0771819999999
oc=[1, 2, 3, 4, 5, 6, 7, 8, 9], z = 488.3336430484267
oc=[1, 2, 3, 4, 5, 6, 8, 9], z = 527.7777494648717
oc=[1, 2, 3, 4, 5, 6, 7, 8, 9], z = 488.3336430484267
oc=[2, 5, 6, 8, 10], z = 528.3510479999999
oc=[1, 4, 6, 7, 8, 11], z = 480.0184000000001
oc=[1, 4, 6, 7, 8, 9, 10], z = 476.40218991999984
oc=[2, 3, 4, 5, 7, 8], z = 499.66760663999975
oc=[1, 2, 3, 5, 6, 8], z = 529.1723
oc=[1, 2, 3, 4, 5, 6, 8, 10], z = 525.1882711031205
oc=[1, 2, 3, 5, 6, 7, 8, 9, 11], z = 490.7129705040006
oc=[1, 2, 3, 5, 6, 8, 9, 11], z = 530.0228210000001
oc=[1, 2, 3, 5, 6, 8, 9, 11], z = 530.0228210000001
oc=[1, 2, 3, 4, 7, 8, 9, 10, 11], z = 489.1132578024001
oc=[1, 2, 3, 4, 8, 9, 10, 11], z = 528.2844649544
oc=[1, 2, 3, 4, 8, 9, 10, 11], z = 528.2844649544
oc=[1, 2, 3, 4, 5, 6, 7, 8], z = 489.34706346487144
oc=[2, 3, 4, 5, 6, 7, 8, 10], z = 497.25309635707237
oc=[2, 3, 4, 5, 6, 8, 10], z = 534.3954963570716
oc=[2, 3, 4, 5, 6, 7, 8, 10], z = 497.25309635707237
oc=[1, 2, 3, 4, 5, 6, 7, 8, 9, 10], z = 486.06473889652915
oc=[1, 2, 3, 4, 5, 6, 8, 9, 10], z = 525.4269571031192
oc=[1, 2, 3, 4, 5, 6, 8, 9, 10], z = 525.4269571031192
oc=[2, 3, 4, 5, 6, 7, 8, 9, 10], z = 496.35525280427794
oc=[2, 3, 4, 5, 6, 8, 9, 10], z = 534.3534963570722
oc=[2, 3, 4, 5, 6, 7, 8, 9, 10], z = 496.35525280427794
oc=[1, 3, 5, 6, 7, 8, 10, 11], z = 485.6172654340002
oc=[3, 5, 8, 9, 11], z = 533.2336000000001
oc=[1, 2, 3, 5, 6, 7, 8, 9, 10, 11], z = 489.3277673931134
oc=[1, 2, 3, 5, 6, 8, 9, 10, 11], z = 528.5844494459958
oc=[1, 2, 3, 5, 6, 7, 8, 9, 10, 11], z = 489.3277673931134
oc=[1, 2, 3, 4, 5, 6, 7, 8, 9, 10, 11], z = 487.69016170989255
oc=[1, 2, 3, 4, 5, 6, 8, 9, 10, 11], z = 526.9466819230933
oc=[1, 2, 3, 4, 5, 6, 7, 8, 9, 10, 11], z = 487.69016170989255
oc=[2, 3, 4, 5, 7, 8, 10], z = 497.31776439840013
oc=[1, 4, 5, 7, 11], z = 474.55493499999994
oc=[2, 3, 6, 9, 11], z = 534.0740999999998
oc=[2, 3, 5, 6, 10], z = 533.5218
oc=[8, 10, 3, 5], z = 530.9215
oc=[1, 2, 3, 6, 9, 10], z = 526.0205
oc=[2, 3, 5, 6, 10], z = 533.5218
oc=[1, 2, 3, 4, 6, 7, 9, 11], z = 487.7203954800002
oc=[1, 2, 3, 6, 7, 10, 11], z = 489.0003
oc=[1, 2, 3, 4, 7, 9, 10], z = 485.15367192000025
oc=[2, 3, 4, 6, 7, 9, 10, 11], z = 493.3243570800004
oc=[2, 3, 4, 6, 10, 11], z = 531.25340028
oc=[1, 2, 3, 4, 5, 6, 7, 11], z = 487.3891048159657
oc=[1, 2, 3, 4, 5, 6, 7, 9, 11], z = 486.50999612714884
oc=[1, 2, 3, 4, 5, 6, 7, 11], z = 487.3891048159657
oc=[2, 3, 5, 6, 7, 8, 10, 11], z = 499.9591824359999
oc=[2, 3, 5, 6, 8, 10, 11], z = 537.101582436
oc=[2, 3, 5, 6, 7, 8, 10, 11], z = 499.9591824359999
oc=[1, 2, 3, 5, 10, 11], z = 525.2590962500001
oc=[1, 2, 3, 6, 7, 11], z = 490.2456
oc=[8, 1, 7], z = 478.86310000000003
oc=[2, 3, 4, 6, 9, 11], z = 532.45670028
oc=[2, 3, 5, 9, 10], z = 532.9121999999999
oc=[3, 4, 7, 8, 10], z = 490.80099999999993
oc=[8, 3, 6, 7], z = 494.7688
oc=[1, 10, 3], z = 520.6572
oc=[1, 3, 7, 9, 11], z = 484.10469520000004
oc=[1, 3, 4, 7, 8, 9, 10], z = 483.10478992000026
oc=[9, 10, 3, 6], z = 526.8613000000001
oc=[1, 3, 5, 6, 9, 10, 11], z = 521.3925692846801
oc=[2, 3, 4, 6, 7], z = 495.08330028
oc=[1, 2, 3, 7, 9, 11], z = 488.77019519999993
oc=[1, 2, 3, 6, 9], z = 528.2948
oc=[2, 3, 5, 7, 11], z = 498.0650999999999
oc=[1, 2, 3, 4, 5, 7, 9], z = 485.80525488000023
oc=[1, 2, 3, 4, 5, 6, 7, 8, 9, 11], z = 489.0835469599576
oc=[1, 2, 3, 4, 5, 6, 8, 9, 11], z = 528.3931980986459
oc=[1, 2, 3, 4, 5, 6, 8, 9, 11], z = 528.3931980986459
oc=[2, 3, 4, 7, 8, 9, 10, 11], z = 495.90372175440007
oc=[2, 3, 4, 8, 9, 10, 11], z = 533.7907649544
oc=[2, 3, 4, 8, 9, 10, 11], z = 533.7907649544
oc=[3, 6, 7, 9, 11], z = 491.46651999999995
oc=[1, 3, 4, 6, 8, 9, 10], z = 522.3722639999997
oc=[1, 2, 3, 5, 6, 7, 8, 9, 10], z = 487.70467349759997
oc=[1, 2, 3, 5, 6, 8, 9, 10], z = 527.0671339999999
oc=[1, 2, 3, 5, 6, 7, 8, 9, 10], z = 487.70467349759997
oc=[1, 2, 3, 4, 5, 6, 7, 8, 10], z = 486.9962711031205
oc=[1, 2, 3, 4, 5, 6, 8, 10], z = 525.1882711031205
oc=[1, 2, 3, 4, 5, 6, 7, 8, 10], z = 486.9962711031205
oc=[1, 2, 3, 4, 5, 8, 9, 10], z = 525.4902503984
oc=[1, 2, 3, 5, 7, 8, 9, 10, 11], z = 488.75959232271975
oc=[1, 2, 3, 5, 8, 9, 10, 11], z = 528.0160037542398
oc=[1, 2, 3, 5, 8, 9, 10, 11], z = 528.0160037542398
oc=[1, 3, 4, 6, 8, 10], z = 522.2420639999998
oc=[1, 2, 3, 4, 5, 8, 9, 10, 11], z = 527.006870913803
oc=[2, 3, 7, 8, 9, 10, 11], z = 496.91251320000003
oc=[2, 3, 8, 9, 10, 11], z = 534.7995563999998
oc=[2, 3, 8, 9, 10, 11], z = 534.7995563999998
oc=[2, 3, 5, 7, 8, 9, 10], z = 497.4289199999997
oc=[2, 3, 4, 5, 8], z = 536.81000664
oc=[3, 5, 8, 9, 10, 11], z = 531.9397144
oc=[1, 2, 3, 4, 5, 7, 8], z = 489.4094066399999
oc=[1, 2, 3, 4, 5, 8], z = 527.6014066399998
oc=[1, 2, 3, 4, 5, 7, 8], z = 489.4094066399999
oc=[1, 2, 3, 5, 7, 8, 9], z = 489.39897288
oc=[2, 3, 4, 5, 7, 8], z = 499.66760663999975
oc=[2, 3, 4, 5, 8], z = 536.81000664
oc=[2, 3, 4, 5, 7, 8], z = 499.66760663999975
oc=[2, 3, 5, 8, 9, 10], z = 535.4274479999999
oc=[2, 3, 5, 7, 8, 9, 11], z = 499.80821999999984
oc=[2, 3, 5, 8, 9, 11], z = 537.7503
oc=[2, 3, 5, 8, 9, 11], z = 537.7503
oc=[8, 2, 3, 4], z = 534.8570066399999
oc=[2, 3, 5, 7, 8, 9, 10], z = 497.4289199999997
oc=[2, 3, 5, 8, 9, 10], z = 535.4274479999999
oc=[2, 3, 5, 7, 8, 9, 10], z = 497.4289199999997
oc=[2, 3, 4, 5, 7, 8, 10], z = 497.31776439840013
oc=[2, 3, 4, 5, 8, 10], z = 534.4601643983999
oc=[2, 3, 4, 5, 7, 8, 10], z = 497.31776439840013
oc=[1, 2, 3, 5, 7, 8, 9, 10], z = 487.13707349760034
oc=[1, 2, 3, 5, 8, 9, 10], z = 526.4995340000002
oc=[1, 2, 3, 5, 7, 8, 9, 10], z = 487.13707349760034
oc=[1, 2, 3, 4, 5, 7, 10, 11], z = 486.05817825000014
oc=[1, 2, 3, 5, 6, 7, 8, 9], z = 489.9665728799998
oc=[1, 2, 3, 5, 6, 8, 9], z = 529.4109860000003
oc=[1, 2, 3, 5, 6, 8, 9], z = 529.4109860000003
oc=[2, 3, 4, 5, 6, 7, 8, 9, 11], z = 498.7453000173208
oc=[2, 3, 4, 5, 6, 8, 9, 11], z = 536.6871459784796
oc=[2, 3, 4, 5, 6, 7, 8, 9, 11], z = 498.7453000173208
oc=[2, 3, 4, 5, 6, 7, 8, 9, 10, 11], z = 497.53464483135525
oc=[2, 3, 4, 5, 6, 8, 9, 10, 11], z = 535.4215031406712
oc=[2, 3, 4, 5, 6, 7, 8, 9, 10, 11], z = 497.53464483135525
oc=[2, 3, 5, 8, 10], z = 535.4694479999999
oc=[3, 4, 6, 8, 10, 11], z = 529.2402040000001
oc=[2, 3, 4, 8, 10, 11], z = 533.8327649543999
oc=[2, 3, 4, 5, 7, 8, 9, 11], z = 498.8049266399997
oc=[1, 2, 3, 4, 5, 7, 8, 9, 10, 11], z = 487.7504701945896
oc=[1, 2, 3, 4, 5, 8, 9, 10, 11], z = 527.006870913803
oc=[1, 2, 3, 4, 5, 7, 8, 9, 10, 11], z = 487.7504701945896
oc=[2, 3, 5, 6, 7, 9, 10, 11], z = 496.6316267999998
oc=[4, 5, 6, 7, 8], z = 488.42650000000003
oc=[1, 2, 3, 5, 7, 8, 11], z = 491.0245350000001
oc=[1, 2, 3, 5, 6, 7, 8, 11], z = 491.5921350000003
oc=[1, 2, 3, 5, 6, 8, 11], z = 529.7841350000001
oc=[1, 2, 3, 5, 6, 8, 11], z = 529.7841350000001
oc=[2, 3, 5, 6, 7, 8, 9], z = 500.2557
oc=[2, 3, 5, 6, 8, 9], z = 538.3389000000001
oc=[2, 3, 5, 6, 7, 8, 9], z = 500.2557
oc=[2, 3, 4, 5, 6, 7, 8], z = 499.60352327999993
oc=[2, 3, 4, 5, 6, 8], z = 536.7459232799999
oc=[2, 3, 4, 5, 6, 7, 8], z = 499.60352327999993
oc=[1, 2, 3, 5, 9, 10], z = 523.9842860000002
oc=[2, 3, 4, 6, 7, 9, 11], z = 494.5146202800001
oc=[2, 3, 4, 6, 9, 11], z = 532.45670028
oc=[2, 3, 4, 6, 7, 9, 11], z = 494.5146202800001
oc=[2, 3, 6, 7, 10, 11], z = 495.72839999999997
oc=[2, 3, 4, 5, 7, 8, 9, 10, 11], z = 497.5962945513194
oc=[2, 3, 4, 5, 8, 9, 10, 11], z = 535.4833377513194
oc=[2, 3, 4, 5, 8, 9, 10, 11], z = 535.4833377513194
oc=[1, 2, 3, 7, 8, 10, 11], z = 490.97105640000007
oc=[3, 5, 8, 9, 10], z = 530.8794999999999
oc=[1, 2, 3, 7, 8, 9, 11], z = 491.3549952000001
oc=[1, 2, 3, 8, 9, 11], z = 530.5849999999999
oc=[1, 2, 3, 8, 9, 11], z = 530.5849999999999
oc=[1, 2, 3, 5, 7, 8, 9, 11], z = 490.1453705039997
oc=[1, 2, 3, 5, 8, 9, 11], z = 529.4552210000002
oc=[1, 2, 3, 5, 7, 8, 9, 11], z = 490.1453705039997
oc=[1, 2, 3, 4, 5, 7, 8, 10], z = 487.05956439839935
oc=[1, 2, 3, 4, 5, 8, 10], z = 525.2515643984
oc=[1, 2, 3, 4, 5, 8, 10], z = 525.2515643984
oc=[2, 3, 5, 7, 8], z = 500.6708999999999
oc=[2, 3, 5, 7, 8, 9], z = 499.6881
oc=[2, 3, 5, 8, 9], z = 537.7712999999998
oc=[2, 3, 5, 7, 8, 9], z = 499.6881
oc=[1, 2, 3, 5, 7, 8, 10], z = 488.06884799999983
oc=[1, 2, 3, 5, 8, 10], z = 526.2608480000002
oc=[1, 2, 3, 5, 8, 10], z = 526.2608480000002
oc=[1, 3, 4, 6, 8, 9], z = 524.7473640000001
oc=[1, 2, 3, 4, 8, 9, 10], z = 526.9588643983996
oc=[2, 3, 4, 5, 7, 8, 9, 11], z = 498.8049266399997
oc=[2, 3, 4, 5, 8, 9, 11], z = 536.7470066400001
oc=[2, 3, 4, 5, 8, 9, 11], z = 536.7470066400001
oc=[2, 3, 5, 7, 8, 10], z = 498.3270480000003
oc=[2, 3, 5, 8, 10], z = 535.4694479999999
oc=[2, 3, 5, 7, 8, 10], z = 498.3270480000003
oc=[1, 2, 3, 4, 5, 7, 8, 9, 11], z = 489.14207714399976
oc=[1, 2, 3, 4, 5, 8, 9, 11], z = 528.4519276399999
oc=[1, 2, 3, 4, 5, 7, 8, 9, 11], z = 489.14207714399976
oc=[3, 4, 5, 7, 8, 11], z = 495.10810000000015
oc=[3, 5, 6, 8, 9, 11], z = 533.8012000000002
oc=[2, 3, 7, 8, 11], z = 498.99089999999984
oc=[1, 2, 3, 6, 7, 8], z = 492.55740000000003
oc=[1, 2, 3, 4, 7, 8, 9, 11], z = 490.3517018399998
oc=[1, 2, 3, 4, 8, 9, 11], z = 529.5817066400002
oc=[1, 2, 3, 4, 8, 9, 11], z = 529.5817066400002
oc=[2, 3, 4, 7, 8, 9, 11], z = 497.14592663999986
oc=[2, 3, 4, 8, 9, 11], z = 535.0880066399997
oc=[2, 3, 4, 7, 8, 9, 11], z = 497.14592663999986
oc=[3, 6, 8, 9, 11], z = 532.1422
oc=[1, 2, 3, 7, 8, 9, 10, 11], z = 490.1220492479998
oc=[1, 2, 3, 8, 9, 10, 11], z = 529.2932564000004
oc=[1, 2, 3, 7, 8, 9, 10, 11], z = 490.1220492479998
oc=[2, 3, 7, 8, 9, 11], z = 498.14922
oc=[2, 3, 8, 9, 11], z = 536.0913
oc=[2, 3, 7, 8, 9, 11], z = 498.14922
oc=[1, 2, 3, 7, 8, 10, 11], z = 490.97105640000007
oc=[1, 2, 3, 8, 10, 11], z = 529.1630564
oc=[1, 2, 3, 7, 8, 10, 11], z = 490.97105640000007
oc=[1, 2, 3, 4, 6, 8, 9, 10, 11], z = 528.223790069994
oc=[1, 2, 3, 4, 6, 7, 8, 9, 10], z = 487.6058075548143
oc=[2, 3, 4, 6, 7, 8], z = 497.65268876640005
oc=[1, 2, 3, 4, 6, 7, 9, 11], z = 487.7203954800002
oc=[1, 2, 3, 4, 6, 9, 11], z = 526.9504002800002
oc=[1, 2, 3, 4, 6, 9, 11], z = 526.9504002800002
oc=[1, 2, 3, 5, 7, 9, 11], z = 487.5605705040001
oc=[1, 2, 3, 5, 6, 7, 11], z = 489.00733500000007
oc=[1, 4, 6, 7, 11], z = 477.2848
oc=[8, 10, 2, 3], z = 533.5164479999999
oc=[1, 3, 5, 7, 8, 9, 10, 11], z = 484.2147332556403
oc=[1, 3, 4, 5, 6, 7, 8], z = 484.84806399999985
oc=[1, 3, 7, 10, 11], z = 483.76719999999995
oc=[1, 3, 4, 5, 6, 8, 9], z = 523.27875
oc=[1, 3, 5, 6, 8, 9, 11], z = 525.5061210000001
oc=[1, 3, 5, 6, 8, 9, 10], z = 522.5191860000003
oc=[2, 3, 4, 5, 8, 9], z = 536.7680066399997
oc=[2, 3, 5, 7, 8], z = 500.6708999999999
oc=[8, 2, 3, 5], z = 537.8133
oc=[8, 2, 3, 5], z = 537.8133
oc=[1, 2, 3, 4, 5, 7, 8, 11], z = 490.0212416399998
oc=[2, 3, 5, 6, 7, 8, 9, 10], z = 497.99652000000003
oc=[2, 3, 5, 6, 8, 9, 10], z = 535.9950480000001
oc=[2, 3, 5, 6, 7, 8, 9, 10], z = 497.99652000000003
oc=[1, 2, 3, 5, 7, 10, 11], z = 487.06709625000025
oc=[2, 3, 5, 6, 7, 8, 11], z = 501.21749999999975
oc=[2, 3, 5, 6, 8, 11], z = 538.3598999999998
oc=[2, 3, 5, 6, 8, 11], z = 538.3598999999998
oc=[1, 3, 4, 6, 8, 10], z = 522.2420639999998
oc=[1, 2, 3, 4, 5, 6, 7, 8, 11], z = 489.9625120986464
oc=[2, 3, 4, 5, 6, 8, 10, 11], z = 535.4635031406706
oc=[1, 2, 3, 7, 8, 11], z = 492.2628
oc=[1, 2, 3, 8, 11], z = 530.4548000000001
oc=[1, 2, 3, 7, 8, 11], z = 492.2628
oc=[1, 2, 3, 6, 8, 9], z = 530.8796
oc=[1, 2, 3, 4, 6, 7, 8, 9], z = 489.86628727714236
oc=[1, 3, 4, 5, 6, 8, 9, 10, 11], z = 522.4244782749561
oc=[1, 2, 3, 4, 5, 6, 7, 8, 10, 11], z = 488.52467335681854
oc=[1, 2, 3, 4, 5, 6, 8, 10, 11], z = 526.7159838868338
oc=[1, 2, 3, 4, 5, 6, 7, 8, 10, 11], z = 488.52467335681854
oc=[2, 3, 4, 5, 6, 7, 8, 10, 11], z = 498.3211031406713
oc=[2, 3, 4, 5, 6, 8, 10, 11], z = 535.4635031406706
oc=[2, 3, 4, 5, 6, 8, 10, 11], z = 535.4635031406706
oc=[1, 3, 6, 8, 9, 10], z = 523.9878000000001
oc=[1, 2, 3, 8, 9], z = 530.312
oc=[3, 4, 5, 6, 8, 9], z = 532.206664
oc=[8, 11, 3, 6], z = 532.1842
oc=[1, 2, 3, 4, 5, 6, 7, 8, 11], z = 489.9625120986464
oc=[1, 2, 3, 4, 5, 6, 8, 11], z = 528.1545120986461
oc=[1, 2, 3, 4, 5, 6, 7, 8, 11], z = 489.9625120986464
oc=[2, 3, 4, 5, 6, 7, 8, 9], z = 498.6210833397549
oc=[2, 3, 4, 5, 6, 8, 9], z = 536.70392328
oc=[2, 3, 4, 5, 6, 7, 8, 9], z = 498.6210833397549
oc=[1, 3, 5, 6, 7, 8, 9, 11], z = 486.1962705040001
oc=[3, 4, 5, 7, 8, 9, 11], z = 494.2664200000001
oc=[1, 3, 5, 6, 7, 8, 9, 10, 11], z = 484.78278256950244
oc=[1, 3, 4, 6, 10, 11], z = 520.9112640000002
oc=[9, 3, 4, 6], z = 527.5200639999999
oc=[3, 4, 6, 7, 10, 11], z = 489.4473640000001
oc=[1, 3, 5, 8, 11], z = 524.699835
oc=[1, 3, 4, 5, 7, 8, 10, 11], z = 484.02456543400035
oc=[1, 3, 6, 10, 11], z = 522.5268000000002
oc=[3, 5, 7, 9, 10], z = 490.24817200000007
oc=[1, 3, 5, 6, 7, 8, 11], z = 487.07543499999997
oc=[3, 5, 6, 9, 10], z = 528.8143000000001
oc=[1, 3, 6, 9, 10], z = 521.355
oc=[1, 3, 4, 5, 6, 7, 11], z = 482.72629900000015
oc=[10, 3, 4, 5], z = 527.2636000000001
oc=[1, 3, 4, 6, 7, 11], z = 483.9645639999999
oc=[1, 3, 5, 6, 7, 8, 9, 11], z = 486.1962705040001
oc=[1, 3, 5, 6, 8, 9, 11], z = 525.5061210000001
oc=[1, 3, 5, 6, 8, 9, 11], z = 525.5061210000001
oc=[3, 4, 5, 6, 7, 8, 9, 10, 11], z = 493.00473520000014
oc=[3, 5, 8, 9, 11], z = 533.2336000000001
oc=[8, 3, 4, 5], z = 532.2715000000001
oc=[1, 2, 3, 4, 8], z = 529.1785066399999
oc=[2, 3, 5, 6, 8], z = 538.3809
oc=[1, 3, 4, 5, 8, 9, 10, 11], z = 522.4466398153202
oc=[1, 2, 3, 4, 5, 6, 7, 8], z = 489.34706346487144
oc=[1, 2, 3, 4, 5, 6, 8], z = 527.5390634648711
oc=[1, 2, 3, 4, 5, 6, 7, 8], z = 489.34706346487144
oc=[1, 3, 5, 8, 9, 10, 11], z = 523.4717398153201
oc=[8, 3, 6], z = 531.9112
oc=[1, 3, 4, 5, 7, 8, 9], z = 483.8571728800003
oc=[8, 1, 3, 5], z = 524.0880000000001
oc=[8, 3, 4, 5], z = 532.2715000000001
oc=[1, 3, 4, 5, 7, 8, 9, 11], z = 484.6035705040002
oc=[3, 4, 5, 6, 8, 9, 11], z = 532.1856640000003
oc=[1, 3, 4, 6, 7, 8, 9, 10, 11], z = 484.52069684800006
oc=[1, 3, 4, 9, 10, 11], z = 521.0643000000001
oc=[3, 5, 7, 9, 10], z = 490.24817200000007
oc=[3, 4, 7, 8, 10], z = 490.80099999999993
oc=[3, 5, 6, 7, 9, 10, 11], z = 491.96612680000004
oc=[3, 4, 6, 8, 10, 11], z = 529.2402040000001
oc=[8, 11, 3, 6], z = 532.1842
oc=[3, 4, 6, 7, 8, 11], z = 493.4262639999999
oc=[1, 3, 6, 8, 9, 10, 11], z = 525.3074400000003
oc=[3, 4, 6, 8, 9, 10, 11], z = 529.198204
oc=[3, 5, 6, 7, 8, 9, 11], z = 495.85911999999985
oc=[3, 5, 6, 8, 9, 11], z = 533.8012000000002
oc=[3, 5, 6, 7, 8, 9, 11], z = 495.85911999999985
oc=[3, 4, 5, 8, 11], z = 532.2505000000001
oc=[2, 3, 4, 8, 9, 10], z = 532.4651643984
oc=[3, 4, 5, 8, 10, 11], z = 530.9566143999998
oc=[3, 5, 7, 8, 10], z = 493.77909999999997
oc=[3, 5, 8, 9, 10], z = 530.8794999999999
oc=[3, 4, 6, 7, 8, 9], z = 492.170464
oc=[3, 5, 7], z = 493.4206
oc=[3, 4, 7, 8, 9], z = 492.1933
oc=[8, 3, 4, 6], z = 530.2956640000002
oc=[8, 3, 6], z = 531.9112
oc=[1, 3, 4, 6, 8, 9, 11], z = 525.0203640000003
oc=[3, 5, 7, 8, 11], z = 496.1332000000002
oc=[1, 3, 4, 5, 6, 8, 11], z = 523.6518990000001
oc=[1, 3, 5, 6, 8, 10, 11], z = 523.8092654339999
oc=[1, 3, 5, 6, 8, 9, 10], z = 522.5191860000003
oc=[3, 4, 6, 8, 10], z = 527.9205640000001
oc=[3, 5, 6, 7, 8, 11], z = 496.70080000000013
oc=[3, 5, 6, 7, 8, 10, 11], z = 495.40691439999983
oc=[3, 5, 6, 8, 10, 11], z = 532.5493144000002
oc=[3, 5, 6, 8, 10, 11], z = 532.5493144000002
oc=[1, 3, 4, 5, 6, 8, 11], z = 523.6518990000001
oc=[1, 2, 3, 7, 8], z = 491.98980000000006
oc=[1, 2, 3, 8, 9], z = 530.312
oc=[1, 2, 3, 4, 7, 8, 9], z = 489.92793864000004
oc=[2, 3, 7, 8, 10], z = 496.374048
oc=[1, 2, 3, 4, 7, 8, 9, 10], z = 487.6685543183998
oc=[1, 2, 3, 4, 8, 9, 10], z = 526.9588643983996
oc=[1, 2, 3, 4, 7, 8, 9, 10], z = 487.6685543183998
oc=[8, 2, 3, 7], z = 498.71789999999993
oc=[8, 2, 3], z = 535.8602999999999
oc=[8, 2, 3, 7], z = 498.71789999999993
oc=[2, 3, 4, 6, 7, 8, 9, 10], z = 494.4038761679145
oc=[2, 3, 4, 6, 8, 9, 10], z = 532.4022070913279
oc=[2, 3, 4, 6, 7, 8, 9, 10], z = 494.4038761679145
oc=[2, 3, 4, 7, 8, 9, 10], z = 494.4666363984002
oc=[2, 3, 4, 8, 9, 10], z = 532.4651643984
oc=[2, 3, 4, 7, 8, 9, 10], z = 494.4666363984002
oc=[2, 3, 4, 7, 8, 9], z = 496.73180663999995
oc=[2, 3, 4, 8, 9], z = 534.8150066400002
oc=[2, 3, 4, 7, 8, 9], z = 496.73180663999995
oc=[1, 2, 3, 7, 8, 10], z = 489.64594800000003
oc=[1, 2, 3, 8, 10], z = 527.8379480000001
oc=[1, 2, 3, 8, 10], z = 527.8379480000001
oc=[2, 3, 7, 8, 10], z = 496.374048
oc=[8, 10, 2, 3], z = 533.5164479999999
oc=[2, 3, 7, 8, 10], z = 496.374048
oc=[1, 2, 3, 6, 7, 8], z = 492.55740000000003
oc=[1, 2, 3, 7, 8], z = 491.98980000000006
oc=[8, 1, 2, 3], z = 530.1818
oc=[8, 1, 2, 3], z = 530.1818
oc=[1, 2, 3, 4, 7, 8, 10], z = 488.63666439840006
oc=[1, 2, 3, 4, 7, 8, 9], z = 489.92793864000004
oc=[1, 2, 3, 4, 8, 9], z = 529.30870664
oc=[1, 2, 3, 4, 7, 8, 9], z = 489.92793864000004
oc=[1, 2, 3, 4, 7, 8], z = 490.98650664
oc=[1, 2, 3, 4, 8], z = 529.1785066399999
oc=[1, 2, 3, 4, 8], z = 529.1785066399999
oc=[2, 3, 4, 7, 8], z = 497.7146066399999
oc=[8, 2, 3, 4], z = 534.8570066399999
oc=[8, 2, 3, 4], z = 534.8570066399999
oc=[1, 2, 3, 7, 8, 9, 10], z = 488.67783792000006
oc=[1, 2, 3, 7, 8, 9], z = 490.931232
oc=[1, 2, 3, 8, 9], z = 530.312
oc=[1, 2, 3, 8, 9], z = 530.312
oc=[1, 2, 3, 4, 6, 7, 8, 9], z = 489.86628727714236
oc=[1, 2, 3, 4, 6, 8, 9], z = 529.2467887664001
oc=[1, 2, 3, 4, 6, 8, 9], z = 529.2467887664001
oc=[1, 2, 3, 6, 7, 8, 9, 10], z = 489.24543791999986
oc=[2, 3, 6, 7, 8, 9], z = 498.3026999999999
oc=[2, 3, 6, 8, 9], z = 536.3858999999999
oc=[2, 3, 6, 7, 8, 9], z = 498.3026999999999
oc=[2, 3, 7, 8, 9], z = 497.7350999999999
oc=[8, 9, 2, 3], z = 535.8183
oc=[8, 9, 2, 3], z = 535.8183
oc=[1, 3, 4, 6, 8, 10, 11], z = 523.5617040000003
oc=[1, 3, 4, 5, 6, 8, 9, 10], z = 520.9036500000004
oc=[1, 3, 6, 7, 8, 10], z = 485.6656000000001
oc=[3, 4, 6, 7, 8, 9, 10], z = 489.8800359999999
oc=[3, 5, 6, 10, 11], z = 529.89517
oc=[1, 3, 5, 6, 9, 10], z = 519.8863859999999
oc=[1, 3, 6, 7, 8], z = 488.04069999999996
oc=[8, 1, 3, 6], z = 526.2327
oc=[8, 1, 3, 6], z = 526.2327
oc=[8, 3, 6, 7], z = 494.7688
oc=[8, 3, 6], z = 531.9112
oc=[8, 3, 6], z = 531.9112
oc=[1, 3, 5, 6, 7, 8, 10, 11], z = 485.6172654340002
oc=[1, 3, 5, 6, 8, 10, 11], z = 523.8092654339999
oc=[1, 3, 5, 6, 8, 10, 11], z = 523.8092654339999
oc=[3, 5, 6, 7, 8, 9], z = 495.739
oc=[3, 5, 6, 8, 10], z = 531.4891
oc=[1, 3, 4, 6, 7, 8], z = 486.425164
oc=[1, 3, 4, 6, 8], z = 524.617164
oc=[1, 3, 4, 6, 8], z = 524.617164
oc=[3, 4, 5, 6, 7, 8], z = 495.10626399999995
oc=[3, 4, 5, 7, 8, 9, 10, 11], z = 493.0275712000002
oc=[3, 4, 5, 8, 9, 10, 11], z = 530.9146144000002
oc=[3, 4, 5, 7, 8, 9, 10, 11], z = 493.0275712000002
oc=[3, 4, 5, 6, 7, 10], z = 490.0983639999999
oc=[3, 5, 6, 7, 8, 9, 10], z = 493.4485720000002
oc=[3, 5, 6, 8, 9, 10], z = 531.4471000000001
oc=[3, 5, 6, 8, 9, 10], z = 531.4471000000001
oc=[1, 3, 5, 6, 7, 8, 9, 10], z = 483.1567254975998
oc=[1, 3, 5, 6, 8, 9, 10], z = 522.5191860000003
oc=[1, 3, 5, 6, 7, 8, 9, 10], z = 483.1567254975998
oc=[3, 5, 7, 8, 10, 11], z = 494.8393144
oc=[1, 3, 4, 5, 7], z = 482.13730000000004
oc=[3, 4, 5, 6, 8, 10], z = 529.8735640000001
oc=[1, 3, 4, 5, 6, 7, 8, 10], z = 482.47296400000016
oc=[1, 3, 4, 5, 6, 8, 10], z = 520.6649639999998
oc=[1, 3, 4, 5, 6, 7, 8, 10], z = 482.47296400000016
oc=[1, 3, 4, 5, 7, 8, 9, 10, 11], z = 483.18963325564
oc=[1, 3, 4, 5, 8, 9, 10, 11], z = 522.4466398153202
oc=[1, 3, 4, 5, 7, 8, 9, 10, 11], z = 483.18963325564
oc=[3, 5, 6, 7, 8, 9], z = 495.739
oc=[3, 5, 6, 8, 9], z = 533.8222000000001
oc=[3, 5, 6, 8, 9], z = 533.8222000000001
oc=[1, 3, 5, 6, 7, 8, 9], z = 485.44987287999976
oc=[1, 3, 5, 6, 8, 9], z = 524.8942860000003
oc=[1, 3, 5, 6, 8, 9], z = 524.8942860000003
oc=[3, 4, 5, 6, 7, 8, 10], z = 492.7311639999998
oc=[3, 4, 5, 6, 8, 10], z = 529.8735640000001
oc=[3, 4, 5, 6, 7, 8, 10], z = 492.7311639999998
oc=[3, 4, 5, 6, 9, 10], z = 527.1987639999999
oc=[3, 4, 5, 6, 10, 11], z = 528.279634
oc=[3, 5, 6, 7, 9], z = 493.0054000000001
oc=[1, 3, 4, 5, 7, 9, 10], z = 478.9312254976001
oc=[3, 5, 7, 8, 11], z = 496.1332000000002
oc=[8, 11, 3, 5], z = 533.2756
oc=[8, 11, 3, 5], z = 533.2756
oc=[1, 3, 5, 7, 8, 11], z = 486.507835
oc=[1, 3, 5, 8, 11], z = 524.699835
oc=[1, 3, 5, 8, 11], z = 524.699835
oc=[1, 3, 4, 5, 8, 9, 10], z = 520.9264860000001
oc=[3, 4, 5, 7, 8, 11], z = 495.10810000000015
oc=[3, 4, 5, 8, 11], z = 532.2505000000001
oc=[3, 4, 5, 7, 8, 11], z = 495.10810000000015
oc=[3, 4, 5, 7, 8, 10, 11], z = 493.81421440000014
oc=[3, 4, 5, 8, 10, 11], z = 530.9566143999998
oc=[3, 4, 5, 8, 10, 11], z = 530.9566143999998
oc=[1, 3, 4, 5, 6, 7, 8, 9], z = 483.8343368800003
oc=[1, 3, 4, 5, 6, 8, 9], z = 523.27875
oc=[1, 3, 4, 5, 6, 8, 9], z = 523.27875
oc=[1, 3, 4, 5, 6, 8, 10, 11], z = 522.1937294340005
oc=[3, 6, 7, 8, 9, 10, 11], z = 492.9266968000001
oc=[3, 4, 6, 7, 8, 10, 11], z = 492.0978039999998
oc=[3, 4, 6, 8, 10, 11], z = 529.2402040000001
oc=[3, 4, 6, 8, 10, 11], z = 529.2402040000001
oc=[1, 3, 6, 7, 8, 10, 11], z = 486.98524000000026
oc=[8, 10, 3, 4], z = 527.9434
oc=[8, 10, 3, 7], z = 491.82610000000005
oc=[1, 3, 4, 5, 6, 10], z = 518.0321639999999
oc=[1, 3, 6, 7, 8, 9, 11], z = 487.4058952000002
oc=[3, 6, 7, 8, 11], z = 495.04179999999985
oc=[8, 11, 3, 6], z = 532.1842
oc=[8, 11, 3, 6], z = 532.1842
oc=[1, 3, 6, 7, 8, 11], z = 488.31370000000004
oc=[1, 3, 6, 8, 11], z = 526.5056999999999
oc=[1, 3, 6, 8, 11], z = 526.5056999999999
oc=[1, 3, 4, 6, 7, 8, 10, 11], z = 485.36970399999984
oc=[1, 3, 4, 6, 8, 10, 11], z = 523.5617040000003
oc=[1, 3, 4, 6, 8, 10, 11], z = 523.5617040000003
oc=[1, 3, 7, 8, 11], z = 487.7461
oc=[1, 3, 4, 6, 7, 8, 9], z = 485.36659599999984
oc=[1, 3, 4, 6, 8, 9], z = 524.7473640000001
oc=[1, 3, 4, 6, 7, 8, 9], z = 485.36659599999984
oc=[1, 3, 5, 6, 9], z = 522.1606860000002
oc=[1, 3, 5, 6, 9, 10], z = 519.8863859999999
oc=[3, 6, 7, 8, 10], z = 492.3937000000001
oc=[8, 10, 3, 6], z = 529.5361
oc=[8, 10, 3, 6], z = 529.5361
oc=[3, 4, 6, 7, 8, 10], z = 490.778164
oc=[3, 4, 6, 8, 10], z = 527.9205640000001
oc=[3, 4, 6, 8, 10], z = 527.9205640000001
oc=[1, 2, 3, 7, 8, 9, 10], z = 488.67783792000006
oc=[1, 2, 3, 8, 9, 10], z = 527.9681479999999
oc=[1, 2, 3, 8, 9, 10], z = 527.9681479999999
oc=[2, 3, 7, 8, 9, 10], z = 495.47592
oc=[2, 3, 8, 9, 10], z = 533.4744479999999
oc=[2, 3, 8, 9, 10], z = 533.4744479999999
oc=[3, 6, 7, 8, 9, 10, 11], z = 492.9266968000001
oc=[3, 6, 8, 9, 10, 11], z = 530.8137400000004
oc=[3, 6, 7, 8, 9, 10, 11], z = 492.9266968000001
oc=[3, 4, 7, 8, 9, 10, 11], z = 491.3339968000001
oc=[1, 3, 5, 9, 11], z = 522.204921
oc=[9, 3, 4], z = 527.5429
oc=[10, 3, 5, 7], z = 491.1463
oc=[1, 3, 5, 6, 7, 9], z = 482.7162728799999
oc=[1, 3, 5, 6, 9], z = 522.1606860000002
oc=[1, 3, 5, 6, 9], z = 522.1606860000002
oc=[1, 3, 5, 6, 7, 10, 11], z = 482.9691962500001
oc=[1, 3, 5, 7, 9], z = 482.1486728800001
oc=[1, 3, 6, 7, 8, 10, 11], z = 486.98524000000026
oc=[1, 3, 6, 8, 10, 11], z = 525.17724
oc=[1, 3, 6, 8, 10, 11], z = 525.17724
oc=[3, 6, 7, 8, 10, 11], z = 493.7133400000001
oc=[3, 6, 8, 10, 11], z = 530.8557400000001
oc=[3, 6, 8, 10, 11], z = 530.8557400000001
oc=[3, 4, 6, 7, 8, 11], z = 493.4262639999999
oc=[3, 4, 6, 8, 11], z = 530.568664
oc=[3, 4, 6, 8, 11], z = 530.568664
oc=[1, 3, 6, 7, 8, 10], z = 485.6656000000001
oc=[1, 3, 6, 8, 10], z = 523.8576000000002
oc=[1, 3, 6, 8, 10], z = 523.8576000000002
oc=[1, 3, 4, 5, 7, 8, 9, 11], z = 484.6035705040002
oc=[1, 3, 4, 5, 8, 9, 11], z = 523.9134210000002
oc=[1, 3, 4, 5, 8, 9, 11], z = 523.9134210000002
oc=[3, 4, 5, 7, 8, 9, 11], z = 494.2664200000001
oc=[3, 4, 5, 8, 9, 11], z = 532.2084999999998
oc=[3, 4, 5, 7, 8, 9, 11], z = 494.2664200000001
oc=[3, 4, 5, 6, 7, 8], z = 495.10626399999995
oc=[3, 4, 5, 6, 8], z = 532.2486640000002
oc=[3, 4, 5, 6, 7, 8], z = 495.10626399999995
oc=[1, 3, 5, 7, 8, 10, 11], z = 485.04966543399996
oc=[1, 3, 5, 8, 10, 11], z = 523.2416654340002
oc=[1, 3, 5, 8, 10, 11], z = 523.2416654340002
oc=[1, 3, 4, 5, 7, 8, 10, 11], z = 484.02456543400035
oc=[1, 3, 4, 5, 8, 10, 11], z = 522.2165654339999
oc=[1, 3, 4, 5, 7, 8, 10, 11], z = 484.02456543400035
oc=[1, 3, 5, 6, 7, 9, 11], z = 483.46267050399973
oc=[3, 4, 5, 6, 7, 8, 9, 10], z = 491.83303600000005
oc=[3, 4, 5, 6, 8, 9, 10], z = 529.8315639999998
oc=[3, 4, 5, 6, 7, 8, 9, 10], z = 491.83303600000005
oc=[3, 4, 5, 6, 7, 8, 9], z = 494.1234639999998
oc=[3, 4, 5, 6, 8, 9], z = 532.206664
oc=[3, 4, 5, 6, 7, 8, 9], z = 494.1234639999998
oc=[1, 3, 4, 5], z = 520.3293000000002
oc=[3, 5, 7], z = 493.4206
oc=[1, 3, 4, 5, 6, 7, 8, 9, 10], z = 481.54118949760004
oc=[1, 3, 4, 5, 6, 8, 9, 10], z = 520.9036500000004
oc=[1, 3, 4, 5, 6, 8, 9, 10], z = 520.9036500000004
oc=[1, 3, 4, 5, 6, 7, 8, 11], z = 485.4598989999999
oc=[1, 3, 4, 5, 6, 8, 11], z = 523.6518990000001
oc=[1, 3, 4, 5, 6, 8, 11], z = 523.6518990000001
oc=[1, 3, 5, 6, 7, 8, 11], z = 487.07543499999997
oc=[1, 3, 5, 6, 8, 11], z = 525.2674349999999
oc=[1, 3, 5, 6, 8, 11], z = 525.2674349999999
oc=[3, 5, 6, 7, 8, 11], z = 496.70080000000013
oc=[3, 5, 6, 8, 11], z = 533.8431999999999
oc=[3, 5, 6, 7, 8, 11], z = 496.70080000000013
oc=[3, 5, 6, 7, 8, 9, 10, 11], z = 494.62027120000005
oc=[3, 5, 6, 8, 9, 10, 11], z = 532.5073144000003
oc=[3, 5, 6, 7, 8, 9, 10, 11], z = 494.62027120000005
oc=[1, 3, 4, 5, 7, 8, 11], z = 485.482735
oc=[1, 3, 4, 5, 8, 11], z = 523.674735
oc=[1, 3, 4, 5, 7, 8, 11], z = 485.482735
oc=[11, 3, 5, 6], z = 531.1096
oc=[11, 9, 10, 3], z = 527.5957000000002
oc=[3, 4, 5, 6, 9, 10], z = 527.1987639999999
oc=[1, 3, 4, 9, 10, 11], z = 521.0643000000001
oc=[3, 4, 5, 6, 11], z = 529.4940640000002
oc=[3, 5, 6, 7, 9], z = 493.0054000000001
oc=[9, 3, 5, 6], z = 531.0886
oc=[3, 5, 6, 7, 9], z = 493.0054000000001
oc=[1, 3, 5, 6, 7], z = 483.73
oc=[10, 3, 5, 7], z = 491.1463
oc=[10, 3, 5], z = 528.2887000000001
oc=[10, 3, 5, 7], z = 491.1463
oc=[1, 3, 5, 6, 7, 11], z = 484.341835
oc=[1, 3, 5, 6, 11], z = 522.5338350000001
oc=[1, 3, 5, 6, 11], z = 522.5338350000001
oc=[3, 4, 7], z = 490.44249999999994
oc=[9, 10, 3, 1], z = 520.7874
oc=[3, 5, 6, 7, 9, 10], z = 490.8157719999999
oc=[3, 5, 6, 9, 10], z = 528.8143000000001
oc=[3, 5, 6, 9, 10], z = 528.8143000000001
oc=[1, 3, 7, 9, 11], z = 484.10469520000004
oc=[1, 3, 4, 5, 6, 7, 8, 10, 11], z = 484.00172943400014
oc=[1, 3, 4, 5, 6, 8, 10, 11], z = 522.1937294340005
oc=[1, 3, 4, 5, 6, 8, 10, 11], z = 522.1937294340005
oc=[3, 4, 6, 7, 8], z = 493.15326400000015
oc=[8, 3, 4, 6], z = 530.2956640000002
oc=[3, 4, 6, 7, 8], z = 493.15326400000015
oc=[1, 3, 4, 6, 7, 8, 10], z = 484.050064
oc=[1, 3, 4, 6, 8, 10], z = 522.2420639999998
oc=[1, 3, 4, 6, 7, 8, 10], z = 484.050064
oc=[1, 3, 4, 6, 7, 8, 9, 10], z = 483.08195392000033
oc=[1, 3, 4, 6, 8, 9, 10], z = 522.3722639999997
oc=[1, 3, 4, 6, 7, 8, 9, 10], z = 483.08195392000033
oc=[1, 3, 6, 7, 9, 10, 11], z = 483.4857928479999
oc=[8, 11, 3, 4], z = 530.5915
oc=[8, 1, 10, 3], z = 523.2900000000001
oc=[8, 3, 7], z = 494.20120000000003
oc=[1, 3, 7, 8, 10], z = 485.098
oc=[8, 1, 10, 3], z = 523.2900000000001
oc=[8, 1, 10, 3], z = 523.2900000000001
oc=[1, 3, 7, 8, 10, 11], z = 486.41763999999995
oc=[11, 10, 3, 4], z = 526.6126
oc=[1, 3, 4, 9, 10], z = 519.7623
oc=[1, 3, 4, 8, 9, 10, 11], z = 523.7147399999997
oc=[8, 3, 4, 7], z = 493.1761
oc=[3, 4, 6, 7, 8, 9], z = 492.170464
oc=[3, 4, 6, 8, 9], z = 530.2536640000001
oc=[3, 4, 6, 8, 9], z = 530.2536640000001
oc=[1, 3, 6, 7, 8, 9, 10], z = 484.69748992
oc=[3], z = 528.61
oc=[1, 3, 4, 5, 6, 9], z = 520.5451499999999
oc=[11, 1, 3, 7], z = 485.0125000000001
oc=[1, 3, 4, 6, 10, 11], z = 520.9112640000002
oc=[3, 4, 6, 7, 10, 11], z = 489.4473640000001
oc=[3, 4, 6, 10, 11], z = 526.5897640000002
oc=[3, 4, 6, 7, 10, 11], z = 489.4473640000001
oc=[1, 3, 7, 9, 10, 11], z = 482.91819284799993
oc=[1, 3, 5, 6, 8, 10], z = 522.2805000000002
oc=[1, 3, 8, 9, 10], z = 523.4201999999999
oc=[1, 3, 8, 9, 10, 11], z = 524.7398400000001
oc=[1, 2, 3, 5, 6, 7, 8, 10, 11], z = 490.1624418851869
oc=[1, 2, 3, 5, 6, 8, 10, 11], z = 528.3537634692183
oc=[1, 2, 3, 5, 6, 7, 8, 10, 11], z = 490.1624418851869
oc=[1, 3, 4, 7, 8, 9, 10], z = 483.10478992000026
oc=[1, 3, 4, 7, 8, 9], z = 485.3894320000001
oc=[3, 6, 7, 8, 9], z = 493.786
oc=[1, 3, 4, 6, 7, 8, 11], z = 486.698164
oc=[1, 3, 4, 6, 8, 11], z = 524.8901640000001
oc=[1, 3, 4, 6, 8, 11], z = 524.8901640000001
oc=[1, 3, 4, 6, 7, 10, 11], z = 482.71926400000007
oc=[1, 3, 4, 6, 10, 11], z = 520.9112640000002
oc=[1, 3, 4, 6, 10, 11], z = 520.9112640000002
oc=[11, 3, 6], z = 529.4506000000001
oc=[1, 3, 4, 5, 6, 10, 11], z = 519.5456602499999
oc=[1, 3, 4, 5, 6, 7, 11], z = 482.72629900000015
oc=[1, 3, 4, 5, 6, 11], z = 520.918299
oc=[1, 3, 4, 5, 6, 11], z = 520.918299
oc=[1, 3, 5, 6, 7, 9, 10], z = 480.5239254976
oc=[1, 3, 5, 6, 9, 10], z = 519.8863859999999
oc=[1, 3, 5, 6, 9, 10], z = 519.8863859999999
oc=[1, 3, 4, 6, 9], z = 522.013764
oc=[3, 5, 6, 7, 11], z = 493.96719999999993
oc=[11, 3, 5, 6], z = 531.1096
oc=[3, 5, 6, 7, 11], z = 493.96719999999993
oc=[1, 3, 4, 5, 9, 10], z = 518.2936860000002
oc=[3, 4, 5, 6, 7, 8, 11], z = 495.08526399999977
oc=[3, 4, 5, 6, 8, 11], z = 532.227664
oc=[3, 4, 5, 6, 8, 11], z = 532.227664
oc=[3, 6, 7, 8, 9, 11], z = 494.20012
oc=[3, 6, 8, 9, 11], z = 532.1422
oc=[3, 6, 8, 9, 11], z = 532.1422
oc=[1, 3, 6, 7, 8, 9, 11], z = 487.4058952000002
oc=[1, 3, 6, 8, 9, 11], z = 526.6359000000001
oc=[1, 3, 6, 7, 8, 9, 11], z = 487.4058952000002
oc=[1, 3, 4, 8, 10], z = 522.2649000000001
oc=[8, 10, 3, 7], z = 491.82610000000005
oc=[8, 10, 3], z = 528.9685000000001
oc=[8, 10, 3], z = 528.9685000000001
oc=[2, 3, 4, 5, 6, 7, 8, 11], z = 499.58674597847966
oc=[2, 3, 4, 5, 6, 8, 11], z = 536.72914597848
oc=[2, 3, 4, 5, 6, 7, 8, 11], z = 499.58674597847966
oc=[3, 4, 5, 6, 7, 8, 10, 11], z = 493.79137840000016
oc=[3, 4, 5, 6, 8, 10, 11], z = 530.9337784
oc=[3, 4, 5, 6, 8, 10, 11], z = 530.9337784
oc=[1, 3, 4, 7, 8, 9, 10, 11], z = 484.5435328480005
oc=[3, 4, 7, 8, 9, 11], z = 492.60742000000005
oc=[1, 3, 5, 6, 7, 8, 9, 10, 11], z = 484.78278256950244
oc=[1, 3, 5, 6, 8, 9, 10, 11], z = 524.0400005710003
oc=[1, 3, 5, 6, 8, 9, 10, 11], z = 524.0400005710003
oc=[1, 3, 4, 5, 6, 7, 8, 9, 11], z = 484.58073450400013
oc=[1, 3, 4, 5, 6, 8, 9, 11], z = 523.8905850000001
oc=[1, 3, 4, 5, 6, 8, 9, 11], z = 523.8905850000001
oc=[3, 4, 5, 6, 7, 8, 9, 11], z = 494.24358400000017
oc=[3, 4, 5, 6, 8, 9, 11], z = 532.1856640000003
oc=[3, 4, 5, 6, 7, 8, 9, 11], z = 494.24358400000017
oc=[1, 3, 6, 7, 8, 9, 10, 11], z = 486.1362328479999
oc=[1, 3, 6, 8, 9, 10, 11], z = 525.3074400000003
oc=[1, 3, 6, 7, 8, 9, 10, 11], z = 486.1362328479999
oc=[1, 3, 4, 5, 6, 7, 8], z = 484.84806399999985
oc=[1, 3, 4, 5, 6, 8], z = 523.0400640000001
oc=[1, 3, 4, 5, 6, 7, 8], z = 484.84806399999985
oc=[1, 3, 6, 7, 8, 9, 10], z = 484.69748992
oc=[1, 3, 6, 8, 9, 10], z = 523.9878000000001
oc=[1, 3, 6, 8, 9, 10], z = 523.9878000000001
oc=[3, 6, 7, 8, 9, 10], z = 491.4955719999999
oc=[3, 6, 8, 9, 10], z = 529.4941000000002
oc=[3, 6, 8, 9, 10], z = 529.4941000000002
oc=[3, 4, 6, 7, 8, 9, 10], z = 489.8800359999999
oc=[3, 4, 6, 8, 9, 10], z = 527.8785640000001
oc=[3, 4, 6, 8, 9, 10], z = 527.8785640000001
oc=[1, 3, 4, 6, 7, 8, 9, 10, 11], z = 484.52069684800006
oc=[1, 3, 4, 6, 8, 9, 10, 11], z = 523.691904
oc=[1, 3, 4, 6, 8, 9, 10, 11], z = 523.691904
oc=[3, 4, 6, 7, 8, 9, 11], z = 492.5845839999997
oc=[3, 4, 6, 8, 9, 11], z = 530.5266640000001
oc=[3, 4, 6, 8, 9, 11], z = 530.5266640000001
oc=[3, 4, 6, 7, 8, 9, 10, 11], z = 491.31116080000027
oc=[3, 4, 6, 8, 9, 10, 11], z = 529.198204
oc=[3, 4, 6, 8, 9, 10, 11], z = 529.198204
oc=[1, 3, 4, 6, 7, 8, 9, 11], z = 485.7903591999999
oc=[1, 3, 4, 6, 8, 9, 11], z = 525.0203640000003
oc=[1, 3, 4, 6, 7, 8, 9, 11], z = 485.7903591999999
oc=[3, 4, 5, 6, 7, 8, 9, 10, 11], z = 493.00473520000014
oc=[3, 4, 5, 6, 8, 9, 10, 11], z = 530.8917784000005
oc=[3, 4, 5, 6, 7, 8, 9, 10, 11], z = 493.00473520000014
oc=[1, 3, 5, 6, 8], z = 524.6556
oc=[1, 3, 5, 6, 7, 8, 10], z = 484.0885
oc=[1, 3, 5, 6, 8, 10], z = 522.2805000000002
oc=[1, 3, 5, 6, 7, 8, 10], z = 484.0885
oc=[3, 5, 6, 7, 8], z = 496.7217999999999
oc=[8, 3, 5, 6], z = 533.8642000000001
oc=[3, 5, 6, 7, 8], z = 496.7217999999999
oc=[2, 3, 7, 8, 10, 11], z = 497.6991564
oc=[2, 3, 8, 10, 11], z = 534.8415564
oc=[2, 3, 7, 8, 10, 11], z = 497.6991564
oc=[3, 6, 7, 8, 9], z = 493.786
oc=[8, 9, 3, 6], z = 531.8692
oc=[3, 6, 7, 8, 9], z = 493.786
oc=[3, 5, 6, 7, 8, 10], z = 494.3467000000001
oc=[3, 5, 6, 8, 10], z = 531.4891
oc=[3, 5, 6, 7, 8, 10], z = 494.3467000000001
oc=[1, 2, 3, 4, 7, 8, 10], z = 488.63666439840006
oc=[1, 2, 3, 4, 8, 10], z = 526.8286643984
oc=[1, 2, 3, 4, 8, 10], z = 526.8286643984
oc=[2, 3, 4, 7, 8, 10], z = 495.36476439839976
oc=[2, 3, 4, 8, 10], z = 532.5071643983999
oc=[2, 3, 4, 8, 10], z = 532.5071643983999
oc=[1, 2, 3, 5, 6, 8, 10], z = 526.828448
oc=[1, 2, 3, 5, 6, 7, 8], z = 490.98029999999994
oc=[1, 2, 3, 5, 6, 8], z = 529.1723
oc=[1, 2, 3, 5, 6, 7, 8], z = 490.98029999999994
oc=[1, 2, 3, 5, 6, 7, 8, 10], z = 488.6364479999997
oc=[1, 2, 3, 5, 6, 8, 10], z = 526.828448
oc=[1, 2, 3, 5, 6, 8, 10], z = 526.828448
oc=[2, 3, 5, 6, 7, 8, 10], z = 498.8946480000002
oc=[2, 3, 5, 6, 8, 10], z = 536.0370480000003
oc=[2, 3, 5, 6, 8, 10], z = 536.0370480000003
oc=[2, 3, 5, 6, 7, 8], z = 501.2385
oc=[2, 3, 5, 6, 8], z = 538.3809
oc=[2, 3, 5, 6, 8], z = 538.3809
oc=[1, 3, 4, 5, 6, 7, 8, 9, 10, 11], z = 483.16725588819247
oc=[1, 3, 4, 5, 6, 8, 9, 10, 11], z = 522.4244782749561
oc=[1, 3, 4, 5, 6, 8, 9, 10, 11], z = 522.4244782749561
oc=[1, 3, 5, 6, 7, 8], z = 486.46360000000016
oc=[1, 3, 5, 6, 8], z = 524.6556
oc=[1, 3, 5, 6, 7, 8], z = 486.46360000000016
oc=[1, 3, 6, 7, 8, 9], z = 486.982132
oc=[1, 3, 6, 8, 9], z = 526.3629
oc=[1, 3, 6, 8, 9], z = 526.3629
oc=[2, 3, 7, 8, 11], z = 498.99089999999984
oc=[8, 11, 2, 3], z = 536.1333000000001
oc=[8, 11, 2, 3], z = 536.1333000000001
oc=[1, 2, 3, 4, 7, 8, 11], z = 491.25950664000015
MIN - MONTE CARLO - OTIMIZADO
474.6 <- [1, 4, 5, 7, 11]
MIN - EXAUSTIVO
470.7 <- [1, 4, 5, 7, 9, 10]
