Academic license - for non-commercial use only - expires 2022-09-27
Using license file C:\gurobi912\win64\gurobi.lic
SOLUÇÃO SEM ENTREGADORES OCASIONAIS -> 366
oc=[4, 5, 6, 8, 11, 13], z = 318.47637425817595
oc=[1, 4, 13, 7], z = 379.6
oc=[1, 4, 5, 7, 9], z = 348.57664
oc=[1, 2, 4, 7, 10, 11], z = 331.1576
oc=[5, 2, 3, 13], z = 355.77099999999996
oc=[1, 3, 4, 5, 6, 7, 8, 9, 11, 12], z = 343.9764442765719
oc=[2, 3, 4, 8, 10, 11, 12], z = 326.6397378816
oc=[1, 3, 4, 5, 6, 7, 8, 9, 10, 11, 13], z = 303.9423051390448
oc=[3, 5], z = 349.17
oc=[1, 2, 4, 6, 10, 11, 12, 13], z = 342.3612764288
oc=[1, 2, 3, 5, 6, 7, 9, 11], z = 343.88025384632795
oc=[1, 3, 4, 5, 7, 12, 13], z = 356.31406000000004
oc=[1, 2, 3, 4, 5, 9, 10, 12, 13], z = 331.81308459135994
oc=[3, 4, 8, 10, 11], z = 338.63822400000004
oc=[2, 3, 5, 6, 7, 8, 9, 13], z = 376.194917086464
oc=[3, 6, 9, 10, 11, 12], z = 344.53939535999996
oc=[1, 2, 3, 6, 8, 9, 10, 11, 12, 13], z = 338.4759310468536
oc=[1, 2, 3, 5, 6, 7, 8, 12], z = 370.98025232000003
oc=[2, 4, 6, 7, 8, 10, 12, 13], z = 378.81691792
oc=[3, 4, 8, 11, 12], z = 334.2252
oc=[2, 3, 4, 5, 8, 10, 11, 13], z = 317.0260941184
oc=[1, 4, 6, 7, 11, 13], z = 354.0712
oc=[1, 2, 3, 4, 5, 7, 9, 10, 11], z = 318.4123245487426
oc=[11, 10, 2, 13], z = 356.9256
oc=[3, 6, 7, 8, 9, 10, 12, 13], z = 409.637112
oc=[2, 3, 7, 8, 9, 11, 12, 13], z = 376.74392351999995
oc=[1, 3, 5, 8, 9, 10, 12, 13], z = 357.96633395797403
oc=[1, 4, 6, 9, 10], z = 390.11119999999994
oc=[2, 3, 7, 8, 9, 10, 12], z = 402.3196
oc=[1, 5, 6, 9, 11, 13], z = 345.44953358527994
oc=[2, 3, 4, 8, 9, 11, 12, 13], z = 350.82552352000005
oc=[2, 3, 4, 7, 9, 12], z = 370.52200000000005
oc=[1, 3, 7, 9, 10], z = 419.16474000000005
oc=[1, 3, 4, 6, 9, 11, 12], z = 362.48508942816
oc=[4, 5, 6, 9, 11, 13], z = 320.763937226752
oc=[9, 2, 11], z = 348.86
oc=[2, 4, 5, 8, 9, 11, 12, 13], z = 316.9219216384
oc=[1, 2, 4, 8, 9, 11, 12], z = 342.812
oc=[1, 2, 3, 4, 6, 11], z = 334.7166880000001
oc=[1, 4, 5, 9, 11, 13], z = 321.84287936
oc=[1, 4, 5, 7, 8, 10, 11], z = 328.36822399999994
oc=[1, 3, 5, 6, 8, 9, 11], z = 340.041751956544
oc=[3, 4, 13, 6], z = 367.4622
oc=[1, 3, 8, 10, 11, 12, 13], z = 338.03267725168644
oc=[1, 2, 4, 5, 10, 11, 13], z = 317.4024
oc=[1, 2, 4, 6, 9, 11, 12, 13], z = 360.6466880000001
oc=[10, 5], z = 355.11999999999995
oc=[1, 2, 6, 9, 11, 12], z = 352.52
oc=[1, 2, 3, 5, 6, 10, 11, 12, 13], z = 330.3988226432001
oc=[2, 3, 4, 5, 9, 11, 13], z = 308.45654295040003
oc=[2, 3, 4, 8, 9, 11, 12, 13], z = 350.82552352000005
oc=[1, 4, 5, 7, 10, 11], z = 325.4456
oc=[2, 3, 6, 9, 11], z = 341.55000000000007
oc=[2, 3, 4, 5, 6, 10, 11, 13], z = 320.76945844382465
oc=[9, 4, 13, 1], z = 382.48
oc=[1, 4, 5, 6, 7, 8, 9, 11, 13], z = 345.8542625170883
oc=[4, 5, 7, 9, 11, 12, 13], z = 332.5704409599999
oc=[1, 3, 4, 8, 10, 11, 12], z = 343.9229378816
oc=[2, 4, 8, 9, 11, 12], z = 333.312
oc=[1, 3, 4, 5, 7, 8, 9, 11, 13], z = 301.1675990688191
oc=[6, 8, 10, 12, 13], z = 378.9287999999999
oc=[1, 2, 4, 5, 6, 7, 11, 12, 13], z = 325.30420582343424
oc=[2, 4, 5, 6, 11, 12], z = 304.12224593279996
oc=[2, 3, 7, 8, 11, 13], z = 354.54392352
oc=[1, 2, 3, 8, 9], z = 392.22603919999995
oc=[2, 3, 9, 10, 11], z = 366.9956
oc=[2, 4, 5, 7, 9, 11, 12], z = 304.10426496
oc=[1, 2, 5, 7, 9, 11], z = 333.7150944
oc=[2, 3, 7, 8, 9, 11, 12, 13], z = 376.74392351999995
oc=[2, 3, 4, 5, 6, 8, 9, 11, 13], z = 322.1656770956124
oc=[2, 4, 5, 6, 8, 9, 13], z = 341.45623887769597
oc=[1, 2, 6, 7, 9, 12], z = 388.68303599999996
oc=[1, 3, 4, 6, 7, 9, 10, 12], z = 415.665631424
oc=[2, 3, 4, 8, 9], z = 356.6668
oc=[2, 5, 8, 9, 11], z = 321.54594176
oc=[11, 9, 3, 13], z = 362.391
oc=[1, 3, 4, 5, 9, 12], z = 346.982427808
oc=[1, 2, 3, 4, 5, 6], z = 338.62040576
oc=[1, 2, 4, 5, 6, 8, 9, 11, 12, 13], z = 332.7258278761308
oc=[3, 4, 6, 8, 9, 11], z = 345.03640000000007
oc=[1, 2, 3, 4, 5, 7, 12, 13], z = 338.62738095929234
oc=[2, 4, 5, 6, 9, 13], z = 336.36589504000005
oc=[5, 12, 4], z = 333.15999999999997
oc=[2, 5, 9, 11, 12], z = 328.35094399999997
oc=[2, 4, 8, 9, 11, 12, 13], z = 345.5464
oc=[1, 2, 4, 5, 7, 8, 13], z = 334.92772096
oc=[8, 9, 11, 5], z = 321.54594176
oc=[2, 3, 4, 5, 8, 11], z = 294.282
oc=[2, 3, 4, 6, 8, 9, 13], z = 376.44939999999997
oc=[1, 2, 6, 7, 9, 12, 13], z = 399.343036
oc=[1, 2, 3, 4, 9, 13], z = 359.721413728
oc=[1, 5, 6, 8, 9, 13], z = 373.19522381568
oc=[1, 2, 4, 8, 9, 10, 11, 12], z = 343.0097378816
oc=[2, 3, 4, 6, 9, 10, 11], z = 350.22228800000005
oc=[1, 2, 4, 5, 6, 9, 10], z = 344.45079103999996
oc=[1, 2, 5, 9, 10, 11, 13], z = 350.52847935999995
oc=[2, 3, 4, 5, 9, 10, 11, 12], z = 305.52501864960004
oc=[1, 2, 4, 7, 10, 11, 13], z = 341.81759999999997
oc=[3, 4, 6, 8, 9, 10, 11], z = 357.84942400000006
oc=[1, 2, 3, 5, 9, 10, 11, 12, 13], z = 310.14142878537245
oc=[3, 4, 7, 12, 13], z = 381.371
oc=[2, 3, 4, 5, 6, 7, 10, 11, 12, 13], z = 314.6544272902668
oc=[1, 2, 4, 5, 7, 10, 13], z = 351.03332095999997
oc=[4, 6, 7, 8, 10, 12], z = 379.78560000000004
oc=[11, 3, 12, 13], z = 356.991
oc=[2, 3, 5, 6, 8, 11, 13], z = 333.11912351999996
oc=[1, 2, 11, 12, 13], z = 363.62
oc=[1, 4, 5, 6, 9, 10, 11, 12], z = 323.84436544760524
oc=[1, 4, 5, 6, 9, 10, 11, 13], z = 340.5338640349184
oc=[8, 11, 10, 2], z = 349.18822400000005
oc=[1, 3, 4, 5, 8, 9, 10], z = 353.45686562432
oc=[1, 5, 6, 8, 11, 12], z = 333.5056
oc=[5, 6, 8, 9, 10], z = 365.12072704
oc=[10, 12, 4, 6], z = 373.66560000000004
oc=[2, 3, 8, 11, 13], z = 353.88872352
oc=[1, 2, 5, 6, 11], z = 323.7904
oc=[3, 5, 6, 8, 12, 13], z = 367.05311199999994
oc=[1, 2, 4, 7, 8, 10, 11, 12], z = 330.15368588441595
oc=[2, 3, 6, 7, 8, 10, 12], z = 378.847436
oc=[1, 2, 3, 7, 8, 11, 12, 13], z = 363.5338842563656
oc=[2, 6, 7, 11, 13], z = 336.703036
oc=[3, 12, 4, 6], z = 369.26120000000003
oc=[1, 2, 3, 4, 10, 12], z = 376.9012
oc=[1, 6, 7, 8, 11], z = 342.5552
oc=[3, 5, 7, 8, 11, 12], z = 338.8652
oc=[1, 12, 13, 7], z = 405.48
oc=[8, 1, 12, 13], z = 391.33439999999996
oc=[2, 6, 8, 10, 12], z = 366.69440000000003
oc=[1, 7, 11, 12, 13], z = 374.53999999999996
oc=[1, 6, 7, 10, 11, 12], z = 344.22939536
oc=[2, 3, 5, 6, 7, 10], z = 370.76025232000006
oc=[3, 6, 7, 8, 12, 13], z = 384.502712
oc=[1, 3, 4, 5, 6, 10, 11, 12], z = 325.088885971456
oc=[1, 10, 12, 6], z = 380.9944
oc=[1, 2, 3, 4, 5, 6, 8, 11, 12, 13], z = 324.5761415388487
oc=[1, 2, 12, 13], z = 394.56000000000006
oc=[1, 2, 4, 6, 7, 10, 11], z = 341.41371792
oc=[1, 2, 3, 4, 6, 7, 10, 12], z = 387.81251792000006
oc=[1, 2, 5, 6, 7, 8, 12, 13], z = 376.28465231999996
oc=[1, 4, 5, 6, 10, 12], z = 362.22511999999995
oc=[1, 2, 6, 8, 10, 12], z = 376.1944
oc=[3, 4, 5, 11, 12, 13], z = 315.751
oc=[1, 2, 3, 5, 13], z = 354.47406
oc=[8, 12, 13, 6], z = 367.59439999999995
oc=[1, 3, 5, 7, 8, 10, 12], z = 384.5244
oc=[1, 4, 6, 7, 8, 11, 12, 13], z = 365.3607999999999
oc=[1, 4, 7, 12, 13], z = 388.0
oc=[1, 6, 8, 10, 11, 12], z = 339.8371499072
oc=[1, 2, 5, 6, 10], z = 367.6103999999999
oc=[1, 5, 6, 8, 11, 12, 13], z = 345.74
oc=[1, 5, 8, 12, 13], z = 367.57439999999997
oc=[2, 5, 7, 8, 12, 13], z = 363.24611200000004
oc=[3, 4, 5, 7, 12, 13], z = 357.611
oc=[2, 3, 4, 6, 7, 8, 11, 12, 13], z = 347.93684144
oc=[1, 2, 3, 4, 5, 7, 13], z = 330.22738095557713
oc=[7, 8, 11, 12, 13], z = 367.9296
oc=[2, 3, 4, 5, 7, 8, 10, 12], z = 339.85772096
oc=[1, 2, 6, 7, 8, 10, 11], z = 349.6712600000001
oc=[4, 7, 10, 11, 12], z = 331.76366208
oc=[2, 3, 4, 5, 7, 10, 12], z = 344.65772096
oc=[1, 3, 4, 7, 10, 11], z = 356.1356
oc=[4, 6, 7, 10, 12], z = 384.5856
oc=[2, 4, 7, 10, 12], z = 361.1264
oc=[2, 6, 7, 8, 10, 12], z = 371.917436
oc=[2, 4, 6, 11, 12, 13], z = 337.346688
oc=[4, 6, 8, 12, 13], z = 369.76560000000006
oc=[10, 5], z = 355.11999999999995
oc=[1, 2, 3, 5, 6, 10, 11, 12], z = 334.59476264320006
oc=[1, 2, 3, 4, 5, 7, 10, 12, 13], z = 349.96178095994344
oc=[2, 10, 3, 4], z = 360.5468000000001
oc=[1, 6, 10, 11, 12], z = 333.30939536
oc=[3, 4, 7, 8, 10, 13], z = 385.742712
oc=[1, 3, 10, 11, 12, 13], z = 342.146876
oc=[1, 2, 5, 6, 8, 10, 12, 13], z = 381.89919999999995
oc=[2, 5, 7, 11, 12, 13], z = 335.53171199999997
oc=[3, 5, 7, 12, 13], z = 375.091
oc=[1, 2, 4, 6, 7, 10, 13], z = 384.68811792
oc=[1, 4, 5, 6, 11, 12, 13], z = 333.3398524544
oc=[3, 4, 5, 7, 11], z = 311.6700000000001
oc=[2, 3, 4, 8, 13], z = 354.15951199999995
oc=[1, 3, 6, 11, 12, 13], z = 341.45406
oc=[1, 4, 5, 8, 11, 12, 13], z = 325.2696000000001
oc=[3, 5, 7, 8, 11, 12], z = 338.8652
oc=[1, 3, 4, 6, 11, 13], z = 335.22526
oc=[1, 6, 8, 12, 13], z = 377.09439999999995
oc=[2, 4, 5, 6, 8, 12, 13], z = 342.78961912320005
oc=[3, 5, 8, 12, 13], z = 364.06271200000003
oc=[1, 2, 4, 6, 7], z = 361.14811792
oc=[2, 12, 13, 6], z = 370.82000000000005
oc=[2, 3, 7, 11, 12, 13], z = 357.6462
oc=[2, 5, 7, 8, 11, 12, 13], z = 338.42131199999994
oc=[3, 5, 6, 7, 8, 13], z = 369.5731119999999
oc=[1, 2, 6, 8, 12, 13], z = 377.09440000000006
oc=[1, 2, 5, 8, 10, 11, 12, 13], z = 341.11313207398393
oc=[1, 4, 5, 8, 10, 11, 12, 13], z = 325.27298308841466
oc=[1, 5, 10, 11, 13], z = 342.66560000000004
oc=[1, 2, 3, 8, 10, 12, 13], z = 402.94319860096005
oc=[3, 8, 10, 11, 12, 13], z = 344.736282561024
oc=[10, 12, 13], z = 396.3944
oc=[1, 4, 5, 7, 8, 13], z = 352.6144
oc=[1, 2, 3, 5, 7, 11, 13], z = 328.705772
oc=[2, 3, 5, 7, 8, 12, 13], z = 369.234424
oc=[1, 2, 7, 11, 12, 13], z = 364.27520000000004
oc=[1, 3, 4, 5, 6, 7, 8, 11, 12, 13], z = 344.2659973462718
oc=[1, 2, 5, 7, 8, 11, 12], z = 335.68691199999995
oc=[1, 2, 4, 7, 8, 11, 13], z = 333.50159999999994
oc=[1, 2, 4, 7, 8, 11, 12, 13], z = 341.90160000000003
oc=[2, 4, 5, 7, 8, 11], z = 288.36852095999996
oc=[2, 6, 9, 10, 11, 12, 13], z = 348.26939536000003
oc=[1, 2, 5, 7, 11, 12, 13], z = 345.031712
oc=[1, 3, 6, 7, 8, 11, 13], z = 351.3147373190401
oc=[2, 4, 6, 9, 10, 11, 12], z = 336.00127642880005
oc=[2, 11, 12, 7], z = 344.1152
oc=[1, 2, 4, 5, 8, 9, 10, 11], z = 317.821108096
oc=[1, 2, 3, 5, 7, 8, 11, 12, 13], z = 344.8190247872439
oc=[1, 2, 4, 5, 7, 8, 12, 13], z = 343.32772095999997
oc=[4, 5, 6, 9, 10, 11, 13], z = 333.07949779046396
oc=[1, 7, 8, 11, 13], z = 369.02959999999996
oc=[2, 6, 7, 8, 11, 13], z = 339.592636
oc=[3, 6, 7, 11, 13], z = 345.27099999999996
oc=[1, 2, 3, 4, 5, 6, 7, 8, 11], z = 315.0711853267606
oc=[1, 5, 6, 8, 9, 10, 11, 12], z = 345.63326170086395
oc=[1, 2, 4, 6, 7, 11, 12, 13], z = 349.26811792
oc=[1, 3, 4, 5, 7, 12, 13], z = 356.31406000000004
oc=[1, 4, 6, 8, 9, 10, 11, 12, 13], z = 368.25606606678014
oc=[1, 2, 4, 5, 6, 7, 9, 10, 11, 12, 13], z = 324.69309497454185
oc=[1, 5, 6, 7, 8, 9, 10, 13], z = 396.9952238156801
oc=[2, 4, 8, 9, 10, 12, 13], z = 381.7056
oc=[3, 4, 6, 8, 9, 13], z = 381.1539120000001
oc=[1, 3, 6, 8, 9, 10, 12, 13], z = 396.01371051916703
oc=[3, 4, 5, 7, 9, 12, 13], z = 365.95721056
oc=[2, 4, 5, 7, 9, 12, 13], z = 344.08506496
oc=[3, 4, 7, 8, 9, 12, 13], z = 395.06271200000003
oc=[1, 2, 4, 6, 7, 9, 10, 13], z = 398.4881179199999
oc=[11, 9, 3, 13], z = 362.391
oc=[3, 4, 5, 8, 9, 13], z = 347.10126442240005
oc=[9, 11, 13], z = 359.52
oc=[1, 2, 5, 6, 8, 9, 11, 13], z = 348.39320310341117
oc=[1, 2, 3, 5, 6, 8, 9, 11, 12, 13], z = 322.1266399893907
oc=[1, 4, 8, 9, 12], z = 375.42
oc=[2, 3, 5, 6, 7, 8, 9, 12], z = 373.29057936
oc=[2, 3, 9, 10, 11, 12, 13], z = 357.24381600000004
oc=[2, 5, 6, 9, 10, 11, 12, 13], z = 340.6304231488
oc=[8, 9, 10, 11, 12, 13], z = 356.101855872
oc=[1, 2, 3, 5, 8, 9, 10, 11, 13], z = 316.8236714419026
oc=[3, 9, 10, 11, 12, 13], z = 357.243816
oc=[2, 3, 5, 9, 10, 11], z = 338.086544
oc=[3, 4, 6, 9, 10, 11, 13], z = 361.52780000000007
oc=[2, 4, 5, 8, 9, 10, 11, 12, 13], z = 316.9253047268147
oc=[3, 5, 9, 10, 12], z = 374.60839999999996
oc=[1, 2, 3, 5, 8, 9, 10, 11, 12], z = 341.55458630138884
oc=[1, 2, 4, 5, 6, 8, 9, 10, 12], z = 356.39962295644165
oc=[1, 2, 3, 12], z = 390.83
oc=[1, 2, 4, 5, 6, 7, 11, 12], z = 313.6180078080001
oc=[11, 3, 6, 7], z = 338.67
oc=[2, 3, 4, 6, 9, 10, 12, 13], z = 396.29208800000004
oc=[3, 4, 5, 8, 9, 12], z = 344.102864
oc=[2, 4, 9, 11, 12], z = 331.9968
oc=[3, 12, 7], z = 392.25
oc=[12, 4, 6], z = 362.3312
oc=[1, 2, 5, 8, 12], z = 355.34000000000003
oc=[2, 3, 4, 5, 6, 8, 9], z = 336.09872911769594
oc=[2, 3, 4, 5, 7, 13], z = 331.5243208715431
oc=[2, 3, 5, 8, 9, 11, 12], z = 336.87594175999993
oc=[8, 3, 12, 5], z = 352.77
oc=[1, 2, 5, 6, 7, 8, 11, 12, 13], z = 351.4598523199999
oc=[1, 2, 6, 9, 13], z = 385.71999999999997
oc=[3, 4, 5, 9, 10, 11, 12, 13], z = 320.1470176
oc=[4, 5, 9, 10, 12, 13], z = 362.186144
oc=[1, 2, 3, 4, 8, 9, 10, 11], z = 355.01978561024
oc=[11, 13, 7], z = 356.64
oc=[1, 3, 4, 6, 7, 11, 12], z = 358.74120000000005
oc=[1, 4, 9, 10, 11, 13], z = 362.74559999999997
oc=[1, 2, 4, 5, 7, 12, 13], z = 346.55332095999995
oc=[1, 3, 4, 5, 9, 10, 11, 12], z = 317.87939927104003
oc=[1, 2, 3, 6, 7, 8, 11, 12, 13], z = 354.39635592964027
oc=[3, 4, 5, 8, 9, 10, 11, 12, 13], z = 327.68737628981967
oc=[1, 2, 3, 12], z = 390.83
oc=[1, 2, 6, 7, 11, 12], z = 343.943036
oc=[1, 2, 3, 5, 6, 7, 12], z = 375.7802523200001
oc=[2, 3, 4, 6, 8, 12], z = 359.75668800000005
oc=[2, 4, 5, 8, 11], z = 287.352
oc=[3, 6, 7, 8, 11, 12], z = 348.38519999999994
oc=[5, 11, 12, 4], z = 302.22
oc=[2, 4, 5, 6, 9, 10], z = 337.25815104000003
oc=[3, 5, 6, 7, 13], z = 369.6814
oc=[1, 2, 5, 6, 7, 8, 13], z = 367.88465232
oc=[1, 2, 3, 4, 6, 7, 10, 13], z = 376.76217792000006
oc=[2, 3, 4, 7, 8, 13], z = 354.814712
oc=[1, 2, 13, 7], z = 386.8152
oc=[2, 11, 12, 13], z = 354.12
oc=[2, 4, 5, 6, 11, 12, 13], z = 314.8885982272
oc=[11, 13, 6], z = 331.48
oc=[2, 3, 8, 12, 13], z = 387.822712
oc=[1, 3, 4, 5, 8, 10, 12, 13], z = 361.80174795584924
oc=[1, 3, 4, 5, 6, 8, 10, 12, 13], z = 372.8942695807482
oc=[1, 4, 8, 11, 12, 13], z = 349.0296
oc=[1, 2, 3, 5, 6, 8, 11, 12, 13], z = 342.6549615114691
oc=[1, 4, 5, 12, 13], z = 353.32000000000005
oc=[1, 2, 4, 6, 8, 11, 13], z = 341.33628799999997
oc=[2, 3, 4, 5, 6, 7, 12], z = 337.51616763519996
oc=[1, 8, 11, 12, 13], z = 366.50960000000003
oc=[2, 3, 5, 7, 11, 13], z = 330.002712
oc=[2, 4, 6, 7, 13], z = 362.30811792
oc=[2, 3, 5, 6, 7, 8, 13], z = 364.37296431999994
oc=[2, 4, 5, 6, 9, 10, 12, 13], z = 356.1002950400001
oc=[3, 6, 8, 11, 12], z = 337.4652
oc=[1, 5, 6, 9, 10, 11, 12], z = 338.5497168832
oc=[8, 11, 13, 7], z = 359.52959999999996
oc=[1, 2, 4, 5, 7, 8, 12, 13], z = 343.32772095999997
oc=[9, 10, 11, 13], z = 370.7256
oc=[6, 7, 8, 9, 10, 11, 13], z = 371.902624
oc=[1, 2, 7, 8, 9, 11, 12, 13], z = 380.9647999999999
oc=[1, 2, 3, 6, 8, 9, 10, 11, 13], z = 356.82599672049605
oc=[1, 2, 9, 10, 11, 13], z = 380.2256
oc=[3, 5, 6, 8, 9, 11, 13], z = 344.94346342898166
oc=[2, 4, 5, 6, 8, 9, 13], z = 341.45623887769597
oc=[3, 8, 9, 12, 13], z = 401.622712
oc=[2, 8, 9, 10, 11, 13], z = 375.222624
oc=[1, 6, 9, 12, 13], z = 394.12
oc=[1, 5, 8, 9, 10, 13], z = 380.08972416
oc=[2, 3, 6, 8, 9, 11, 12, 13], z = 361.84872351999996
oc=[1, 2, 4, 8, 9, 12, 13], z = 379.87119999999993
oc=[2, 3, 4, 7, 8, 9, 11, 12, 13], z = 351.48072351999997
oc=[2, 6, 7, 8, 9, 11, 13], z = 353.39263600000004
oc=[4, 5, 7, 8, 9, 11, 12, 13], z = 335.62512163840006
oc=[2, 3, 7, 9, 12, 13], z = 402.3862
oc=[1, 2, 9, 10, 11, 13], z = 380.2256
oc=[2, 3, 4, 7, 8, 9, 11, 12, 13], z = 351.48072351999997
oc=[2, 3, 5, 7, 9, 12, 13], z = 377.68892256
oc=[1, 2, 4, 5, 6, 7, 9, 10, 11, 13], z = 329.96568524603526
oc=[1, 3, 4, 7, 8, 9, 10, 11, 13], z = 363.9585491873311
oc=[3, 4, 5, 7, 8, 9, 10, 12, 13], z = 377.75566442240006
oc=[6, 8, 9, 11, 12, 13], z = 356.5696
oc=[2, 3, 4, 6, 8, 9, 11, 12, 13], z = 359.31541152
oc=[9, 2, 4], z = 354.5368
oc=[2, 4, 5, 9, 11, 12, 13], z = 313.86724096000006
oc=[2, 3, 4, 6, 9, 11, 12, 13], z = 354.017688
oc=[4, 5, 9, 11, 12], z = 310.87094399999995
oc=[3, 6, 9, 11, 13], z = 348.15099999999995
oc=[2, 3, 4, 5, 6, 8, 9, 11, 12, 13], z = 330.56567709561244
oc=[3, 5, 6, 9, 11], z = 333.01291583999995
oc=[2, 3, 4, 5, 6, 9, 13], z = 341.71562143725566
oc=[3, 4, 6, 8, 9, 11, 12], z = 353.4364000000001
oc=[4, 6, 8, 9, 12, 13], z = 383.56559999999996
oc=[1, 6, 9, 12, 13], z = 394.12
oc=[2, 4, 5, 9, 12, 13], z = 343.06854400000003
oc=[2, 4, 8, 9, 12, 13], z = 370.37120000000004
oc=[1, 4, 5, 6, 7, 9, 10, 12, 13], z = 385.1030578841601
oc=[1, 2, 3, 7, 9, 11, 12, 13], z = 357.62365496996966
oc=[1, 2, 6, 7, 9, 13], z = 390.943036
oc=[4, 9, 11, 12, 13], z = 350.43999999999994
oc=[5, 6, 8, 9, 11, 12, 13], z = 348.063819380224
oc=[2, 3, 4, 5, 9, 12, 13], z = 347.2540105600001
oc=[2, 5, 6, 8, 9, 12, 13], z = 372.88096911360003
oc=[4, 8, 9, 10, 13], z = 382.63439999999997
oc=[1, 2, 4, 9, 12, 13], z = 383.09680000000003
oc=[4, 5, 7, 8, 9, 11, 13], z = 327.22512163839997
oc=[2, 3, 5, 7, 9, 11, 13], z = 338.8914549504
oc=[1, 6, 7, 9, 12, 13], z = 405.03999999999996
oc=[1, 4, 6, 9, 10, 13], z = 400.7712
oc=[5, 8, 9, 12, 13], z = 366.94037376000006
oc=[3, 4, 6, 7, 9, 12, 13], z = 400.58220000000006
oc=[2, 4, 8, 9, 10, 11, 13], z = 349.959424
oc=[2, 4, 9, 10, 11, 13], z = 345.4624
oc=[2, 3, 4, 5, 9, 10, 11, 13], z = 319.66214295040004
oc=[2, 4, 5, 8, 9, 10, 11, 13], z = 321.3349456384001
oc=[2, 6, 9, 10, 11, 13], z = 356.4856
oc=[3, 5, 6, 9, 10, 11, 13], z = 350.84567372454393
oc=[2, 6, 8, 9, 10, 11, 13], z = 360.98262400000004
oc=[8, 9, 10, 13], z = 400.1144
oc=[9, 10, 2, 13], z = 403.34
oc=[2, 5, 6, 7, 8, 9, 10, 11, 12, 13], z = 353.78122480645897
oc=[1, 2, 6, 7, 9, 10, 13], z = 403.82303600000006
oc=[4, 6, 8, 9, 11, 12, 13], z = 358.7407999999999
oc=[5, 6, 9, 12, 13], z = 375.90480384
oc=[1, 2, 5, 6, 8, 9, 10, 11, 13], z = 361.20622710341115
oc=[1, 2, 5, 6, 9, 10, 13], z = 388.700051392
oc=[1, 5, 6, 8, 9, 12, 13], z = 381.59522381567996
oc=[2, 5, 6, 9, 10, 13], z = 380.38480384
oc=[1, 2, 4, 7, 9, 12, 13], z = 383.75199999999995
oc=[2, 4, 5, 6, 7, 8, 9, 10, 13], z = 354.4266726255514
oc=[2, 3, 4, 7, 8, 9, 10, 12, 13], z = 388.349112
oc=[2, 5, 8, 9, 11, 12, 13], z = 342.18512163839995
oc=[2, 4, 5, 8, 9, 12, 13], z = 341.67717375999996
oc=[2, 4, 9, 11, 12, 13], z = 342.65680000000003
oc=[2, 3, 4, 5, 8, 9, 11, 12, 13], z = 322.20577723801597
oc=[2, 8, 9, 11, 12, 13], z = 370.80960000000005
oc=[2, 8, 9, 11, 12, 13], z = 370.80960000000005
oc=[2, 8, 9, 12, 13], z = 395.6343999999999
oc=[2, 8, 9, 12, 13], z = 395.6343999999999
oc=[1, 8, 9, 10, 13], z = 409.6144
oc=[4, 9, 11, 12, 13], z = 350.43999999999994
oc=[6, 8, 9, 12, 13], z = 381.39439999999996
oc=[2, 3, 4, 6, 7, 9, 12, 13], z = 387.37911792
oc=[1, 2, 3, 6, 7, 9, 10, 11, 12, 13], z = 348.97293841288456
oc=[2, 3, 4, 5, 6, 7, 8, 9, 10, 13], z = 360.51413368143915
oc=[1, 2, 5, 6, 7, 9, 10, 12, 13], z = 401.2743037119999
oc=[2, 3, 4, 5, 7, 9, 10, 12, 13], z = 359.6049315199094
oc=[3, 4, 5, 7, 8, 9, 10, 12, 13], z = 377.75566442240006
oc=[1, 2, 3, 4, 5, 8, 9, 12, 13], z = 321.68690965953897
oc=[1, 2, 4, 5, 6, 8, 9, 12, 13], z = 357.356325060608
oc=[1, 2, 6, 9, 12, 13], z = 394.12
oc=[6, 8, 9, 11, 12, 13], z = 356.5696
oc=[6, 8, 9, 12, 13], z = 381.39439999999996
oc=[6, 8, 9, 12, 13], z = 381.39439999999996
oc=[2, 4, 5, 6, 9, 10, 13], z = 349.24589504000005
oc=[2, 6, 9, 10, 11, 13], z = 356.4856
oc=[2, 6, 9, 10, 13], z = 389.1
oc=[2, 6, 9, 10, 11, 13], z = 356.4856
oc=[2, 3, 4, 6, 8, 9, 10, 11, 13], z = 363.0759821184
oc=[2, 5, 6, 9, 10, 11, 13], z = 347.9616605056
oc=[2, 5, 6, 9, 10, 13], z = 380.38480384
oc=[2, 5, 6, 9, 10, 11, 13], z = 347.9616605056
oc=[1, 4, 5, 8, 9, 10], z = 350.3222144
oc=[3, 6, 9, 10, 11, 12, 13], z = 351.14039535999996
oc=[2, 4, 8, 9, 10, 13], z = 374.85120000000006
oc=[4, 6, 9, 10, 13], z = 391.2712
oc=[2, 6, 8, 9, 10, 11, 13], z = 360.98262400000004
oc=[2, 4, 6, 8, 9, 10, 13], z = 383.341088
oc=[1, 2, 4, 9, 12, 13], z = 383.09680000000003
oc=[1, 4, 5, 7, 9, 10, 11, 12, 13], z = 336.6701540096
oc=[2, 7, 9, 10, 13], z = 403.9952
oc=[1, 2, 9, 10, 11, 13], z = 380.2256
oc=[2, 3, 7, 9, 11, 12, 13], z = 371.4462
oc=[2, 5, 6, 8, 9, 12, 13], z = 372.88096911360003
oc=[1, 4, 5, 7, 9, 10, 13], z = 373.444384
oc=[5, 8, 9, 11, 12, 13], z = 342.1851216384
oc=[4, 9, 11, 12, 13], z = 350.43999999999994
oc=[4, 5, 8, 9, 12, 13], z = 349.4603737599999
oc=[8, 9, 11, 12, 13], z = 370.8096
oc=[8, 9, 12, 13], z = 395.6344
oc=[8, 9, 12, 13], z = 395.6344
oc=[2, 5, 8, 9, 11, 12, 13], z = 342.18512163839995
oc=[2, 5, 8, 9, 12, 13], z = 366.94037375999994
oc=[2, 5, 8, 9, 12, 13], z = 366.94037375999994
oc=[2, 8, 9, 10, 13], z = 400.11440000000005
oc=[1, 4, 6, 7, 8, 9, 11, 12, 13], z = 379.1608
oc=[2, 4, 5, 6, 8, 9, 10, 11, 13], z = 329.6762874101555
oc=[2, 4, 5, 6, 8, 9, 10, 13], z = 354.33623887769596
oc=[2, 4, 5, 6, 8, 9, 10, 13], z = 354.33623887769596
oc=[2, 4, 6, 8, 9, 10, 11, 13], z = 358.449312
oc=[2, 4, 6, 8, 9, 10, 13], z = 383.341088
oc=[2, 4, 6, 8, 9, 10, 13], z = 383.341088
oc=[1, 2, 6, 9, 11, 12, 13], z = 363.18
oc=[1, 2, 4, 5, 6, 9, 12, 13], z = 352.04834364416
oc=[1, 3, 5, 6, 9, 11, 12, 13], z = 324.1765538108288
oc=[9, 13], z = 390.46
oc=[2, 4, 6, 9, 13], z = 373.686688
oc=[1, 2, 4, 6, 9, 10, 11, 13], z = 363.45228800000007
oc=[1, 2, 5, 6, 9, 10, 11, 13], z = 356.65513358527994
oc=[1, 3, 8, 9, 10, 11, 13], z = 354.8258264144
oc=[1, 2, 4, 5, 6, 8, 9, 10, 11, 13], z = 337.18325029867935
oc=[1, 2, 4, 5, 6, 9, 10, 11, 13], z = 329.88147459594234
oc=[1, 2, 4, 5, 6, 9, 10, 13], z = 356.52834364416003
oc=[1, 2, 4, 5, 6, 9, 10, 13], z = 356.52834364416003
oc=[8, 9, 10, 12, 13], z = 406.9688
oc=[1, 4, 9, 10, 12, 13], z = 402.21439999999996
oc=[4, 5, 6, 7, 9, 10, 11, 13], z = 343.9994977904639
oc=[3, 4, 7, 8, 9, 10, 11, 13], z = 373.28929411840005
oc=[1, 2, 4, 6, 8, 9, 13], z = 379.96108799999996
oc=[2, 5, 8, 9, 10, 11, 12, 13], z = 340.548653712384
oc=[3, 6, 8, 9, 10, 11, 12, 13], z = 358.00387015561216
oc=[1, 2, 3, 4, 9, 10, 12], z = 391.4280183999999
oc=[2, 3, 4, 8, 9, 10, 11, 12], z = 340.4397378816
oc=[3, 4, 5, 8, 9, 10, 11, 12], z = 320.52246208819207
oc=[2, 5, 9, 10, 12, 13], z = 379.66614400000003
oc=[8, 9, 10, 12, 13], z = 406.9688
oc=[3, 6, 7, 8, 9, 12, 13], z = 398.30271199999993
oc=[2, 3, 4, 5, 6, 7, 8, 9, 10, 13], z = 360.51413368143915
oc=[1, 2, 6, 7, 8, 9, 10, 12, 13], z = 407.45183599999996
oc=[4, 6, 8, 9, 11, 13], z = 350.34080000000006
oc=[9, 2, 13, 6], z = 376.22
oc=[2, 4, 6, 9, 10, 11, 12, 13], z = 346.6612764288
oc=[2, 5, 6, 9, 10, 11, 12, 13], z = 340.6304231488
oc=[2, 6, 8, 9, 10, 12, 13], z = 392.7288
oc=[5, 6, 9, 11, 13], z = 336.7560605056
oc=[9, 11, 4, 13], z = 342.04
oc=[4, 5, 6, 8, 9, 11, 13], z = 326.85900830507006
oc=[2, 3, 6, 8, 9, 11, 13], z = 353.44872352000004
oc=[1, 2, 8, 9, 12, 13], z = 405.1344
oc=[1, 2, 6, 8, 9, 12, 13], z = 390.8944
oc=[1, 3, 4, 5, 6, 8, 9, 10, 12, 13], z = 333.50846068081864
oc=[1, 2, 4, 5, 9, 10, 12, 13], z = 361.59558400000003
oc=[2, 4, 5, 8, 9, 10, 11, 12], z = 305.809262088192
oc=[1, 2, 6, 9, 10, 11, 13], z = 365.9856000000001
oc=[1, 2, 6, 9, 10, 13], z = 398.6
oc=[1, 2, 6, 9, 10, 11, 13], z = 365.9856000000001
oc=[1, 2, 3, 4, 6, 8, 9, 10, 12, 13], z = 395.0637957279448
oc=[1, 2, 4, 8, 9, 10, 11, 12, 13], z = 354.00408099225604
oc=[1, 3, 4, 9, 10, 11, 12, 13], z = 340.36987483050854
oc=[1, 2, 3, 4, 6, 8, 9, 10, 13], z = 388.2059171643905
oc=[1, 3, 4, 9, 10, 11, 13], z = 347.79289046208
oc=[1, 3, 4, 5, 8, 9, 10, 11, 13], z = 301.2267981746544
oc=[3, 4, 5, 6, 9, 10], z = 354.98846528
oc=[1, 2, 5, 9, 10, 12, 13], z = 386.858784
oc=[2, 3, 7, 9, 10, 11, 12, 13], z = 361.5083660352
oc=[5, 7, 8, 9, 10, 11, 13], z = 357.51814563840003
oc=[5, 6, 7, 8, 9, 10, 11, 12, 13], z = 358.9337290659941
oc=[2, 3, 5, 9, 10, 11, 12], z = 329.7789171200001
oc=[2, 3, 6, 7, 8, 9, 10, 11, 13], z = 370.8323301184
oc=[1, 2, 4, 5, 7, 9, 10, 13], z = 355.75770495999996
oc=[2, 3, 4, 7, 8, 9, 10, 11, 12, 13], z = 348.3866716728523
oc=[1, 2, 3, 4, 5, 7, 8, 9, 10, 11, 13], z = 294.6212436466467
oc=[2, 3, 4, 6, 7, 9, 10, 12, 13], z = 398.71351792
oc=[1, 4, 5, 7, 8, 9, 10, 11, 12, 13], z = 344.3538470628147
oc=[1, 2, 5, 6, 7, 8, 9, 10, 11, 13], z = 366.9260794234111
oc=[2, 3, 4, 5, 6, 7, 9, 10, 13], z = 354.5913833123934
oc=[1, 2, 3, 6, 7, 9, 10, 12, 13], z = 395.8245846650433
oc=[5, 6, 8, 9, 11, 12, 13], z = 348.063819380224
oc=[5, 6, 8, 9, 12, 13], z = 372.88096911360003
oc=[5, 6, 8, 9, 12, 13], z = 372.88096911360003
oc=[2, 3, 5, 7, 9, 10, 11, 12, 13], z = 342.222550074624
oc=[2, 3, 5, 7, 8, 9, 10, 11, 13], z = 356.401259836416
oc=[1, 3, 4, 8, 9, 10, 11], z = 362.80298561024006
oc=[2, 4, 6, 7, 8, 9, 10, 12, 13], z = 392.6169179199999
oc=[2, 4, 5, 8, 9, 10, 11, 12, 13], z = 316.9253047268147
oc=[1, 2, 4, 5, 8, 9, 10, 11, 13], z = 330.0602879744
oc=[2, 5, 8, 9, 10, 12, 13], z = 378.27477376
oc=[1, 3, 7, 8, 9, 10, 12, 13], z = 407.2461326818817
oc=[1, 2, 4, 7, 9, 12, 13], z = 383.75199999999995
oc=[1, 2, 4, 9, 10, 12, 13], z = 394.43120000000005
oc=[1, 5, 6, 9, 12, 13], z = 384.220051392
oc=[5, 6, 8, 9, 10, 12, 13], z = 384.2153691136
oc=[5, 8, 9, 11, 12, 13], z = 342.1851216384
oc=[5, 8, 9, 12, 13], z = 366.94037376000006
oc=[5, 8, 9, 12, 13], z = 366.94037376000006
oc=[4, 6, 7, 9, 10, 11, 12, 13], z = 362.2857884288
oc=[5, 6, 7, 8, 9, 10, 11, 12, 13], z = 358.9337290659941
oc=[5, 7, 9, 10, 11, 13], z = 352.85604096
oc=[2, 3, 5, 6, 7, 8, 9, 10, 11, 12, 13], z = 356.7527542949885
oc=[2, 3, 5, 6, 7, 8, 9, 10, 11, 13], z = 362.82388634738174
oc=[3, 5, 6, 7, 9, 10, 11, 12, 13], z = 354.43443636774396
oc=[4, 5, 9, 10, 12], z = 350.1984
oc=[4, 5, 6, 7, 8, 9, 10, 11, 13], z = 350.6364307276185
oc=[4, 7, 9, 10, 12, 13], z = 403.6344
oc=[6, 7, 9, 10, 11, 12, 13], z = 359.18939536000005
oc=[6, 7, 8, 9, 10, 12, 13], z = 403.6488000000001
oc=[2, 4, 7, 9, 10, 11, 12, 13], z = 338.464410082816
oc=[2, 3, 4, 6, 7, 9, 10, 11, 13], z = 359.24471791999997
oc=[2, 5, 7, 8, 9, 10, 12, 13], z = 383.44648576
oc=[1, 2, 3, 4, 7, 9, 10, 11, 12, 13], z = 333.6189912093706
oc=[1, 2, 3, 4, 5, 6, 7, 8, 9, 10, 11, 12, 13], z = 248.21035126108325
oc=[6, 8, 9, 10, 11], z = 348.748224
oc=[7, 9, 10, 11, 13], z = 381.6456
oc=[5, 6, 7, 9, 10, 11, 13], z = 358.88166050559994
oc=[1, 4, 6, 7, 9, 10, 11, 12, 13], z = 371.78578842879995
oc=[7, 8, 9, 10, 11, 12, 13], z = 367.02185587199995
oc=[2, 8, 9, 10, 11, 12, 13], z = 356.101855872
oc=[2, 8, 9, 10, 12, 13], z = 406.9688
oc=[2, 8, 9, 10, 12, 13], z = 406.9688
oc=[1, 4, 5, 6, 7, 9, 10, 12, 13], z = 385.1030578841601
oc=[1, 6, 9, 10, 12, 13], z = 405.4544000000001
oc=[2, 3, 4, 5, 6, 7, 9, 11, 12, 13], z = 323.14411202078327
oc=[2, 6, 7, 8, 9, 12, 13], z = 386.61743600000005
oc=[1, 2, 5, 8, 9, 11, 12, 13], z = 350.9104639744
oc=[1, 2, 6, 9, 11, 12, 13], z = 363.18
oc=[1, 2, 6, 9, 12, 13], z = 394.12
oc=[1, 2, 6, 9, 12, 13], z = 394.12
oc=[2, 5, 7, 8, 9, 10, 12, 13], z = 383.44648576
oc=[5, 6, 7, 8, 9, 11, 12, 13], z = 358.98381938022396
oc=[2, 3, 6, 7, 9, 12, 13], z = 392.7140360000001
oc=[8, 9, 10, 11, 12, 13], z = 356.101855872
oc=[4, 5, 8, 9, 10, 11, 12, 13], z = 324.7085047268147
oc=[4, 5, 9, 10, 12, 13], z = 362.186144
oc=[3, 4, 9, 10, 11, 12, 13], z = 348.17466207999996
oc=[8, 9, 10, 11, 12, 13], z = 356.101855872
oc=[8, 9, 10, 12, 13], z = 406.9688
oc=[8, 9, 10, 11, 12, 13], z = 356.101855872
oc=[4, 5, 8, 9, 10, 11, 12, 13], z = 324.7085047268147
oc=[4, 5, 8, 9, 10, 12, 13], z = 360.79477376
oc=[4, 5, 8, 9, 10, 12, 13], z = 360.79477376
oc=[1, 2, 4, 6, 9, 10, 11, 13], z = 363.45228800000007
oc=[1, 2, 4, 6, 9, 10, 13], z = 396.066688
oc=[1, 2, 4, 6, 9, 10, 13], z = 396.066688
oc=[1, 2, 5, 9, 10, 11, 13], z = 350.52847935999995
oc=[1, 2, 4, 9, 10, 11, 13], z = 354.9624
oc=[3, 4, 5, 8, 9, 10, 12, 13], z = 366.8356644224
oc=[2, 3, 4, 5, 6, 8, 9, 10, 11, 12, 13], z = 328.45260402306405
oc=[2, 3, 4, 9, 10, 12, 13], z = 387.8022
oc=[3, 4, 6, 8, 9, 10, 11, 12, 13], z = 361.7337306776036
oc=[3, 5, 6, 8, 9, 10, 12, 13], z = 390.20946476646395
oc=[3, 6, 8, 9, 10, 11, 12, 13], z = 358.00387015561216
oc=[3, 6, 8, 9, 10, 12, 13], z = 398.717112
oc=[3, 6, 8, 9, 10, 11, 12, 13], z = 358.00387015561216
oc=[3, 5, 6, 8, 9, 10, 11, 12, 13], z = 350.9852585545236
oc=[3, 5, 6, 8, 9, 10, 12, 13], z = 390.20946476646395
oc=[3, 5, 6, 8, 9, 10, 11, 12, 13], z = 350.9852585545236
oc=[1, 3, 4, 9, 10, 13], z = 380.384613728
oc=[1, 2, 3, 4, 5, 9, 10, 11, 13], z = 293.5071908350592
oc=[1, 2, 3, 4, 5, 6, 8, 9, 10, 13], z = 313.6331243746764
oc=[1, 3, 4, 5, 8, 9, 10, 12], z = 360.3112656243201
oc=[5, 6, 9, 10, 11, 12, 13], z = 340.6304231488
oc=[1, 2, 4, 5, 6, 8, 9, 10, 11, 13], z = 337.18325029867935
oc=[3, 4, 6, 9, 10, 12, 13], z = 400.99660000000006
oc=[1, 2, 6, 9, 10, 12, 13], z = 405.4544000000001
oc=[2, 3, 4, 9, 10, 11, 12, 13], z = 340.39146208000005
oc=[2, 3, 5, 6, 9, 10, 11, 12, 13], z = 343.514436367744
oc=[5, 8, 9, 10, 11, 12, 13], z = 340.548653712384
oc=[5, 8, 9, 10, 12, 13], z = 378.27477376
oc=[5, 8, 9, 10, 12, 13], z = 378.27477376
oc=[1, 2, 4, 5, 6, 7, 8, 9, 10, 12, 13], z = 369.29830391284327
oc=[2, 3, 6, 7, 8, 9, 12, 13], z = 392.605748
oc=[4, 5, 6, 8, 9, 10, 12, 13], z = 371.2366991872
oc=[2, 4, 6, 8, 9, 10, 11, 12, 13], z = 354.0515540667801
oc=[2, 4, 6, 9, 10, 11, 12, 13], z = 346.6612764288
oc=[1, 2, 9, 10, 11, 13], z = 380.2256
oc=[1, 2, 9, 10, 13], z = 412.84000000000003
oc=[1, 2, 9, 10, 11, 13], z = 380.2256
oc=[1, 2, 3, 4, 8, 9, 10, 11, 13], z = 346.2845260512386
oc=[2, 6, 8, 9, 10, 12, 13], z = 392.7288
oc=[1, 2, 4, 5, 9, 12, 13], z = 350.26118400000007
oc=[1, 2, 4, 8, 9, 12, 13], z = 379.87119999999993
oc=[2, 5, 8, 9, 10, 11, 12, 13], z = 340.548653712384
oc=[2, 5, 8, 9, 10, 12, 13], z = 378.27477376
oc=[2, 5, 8, 9, 10, 11, 12, 13], z = 340.548653712384
oc=[3, 4, 6, 9, 10, 12], z = 394.39560000000006
oc=[1, 3, 4, 5, 6, 7, 8, 9, 10], z = 373.06982324684805
oc=[2, 4, 6, 8, 9, 12, 13], z = 378.861088
oc=[1, 3, 6, 9, 10, 12], z = 402.39930280000004
oc=[1, 2, 4, 6, 8, 9, 11, 12, 13], z = 363.53628799999996
oc=[1, 2, 9, 12, 13], z = 408.35999999999996
oc=[2, 3, 4, 5, 6, 8, 9, 10, 11, 12], z = 321.24586961510613
oc=[1, 3, 4, 6, 9, 10, 11, 12], z = 357.99967785696003
oc=[2, 3, 4, 9, 10, 11, 12], z = 333.79046208
oc=[1, 3, 5, 9, 10, 11, 12], z = 334.33290329472004
oc=[1, 2, 4, 9, 10, 11], z = 344.30240000000003
oc=[1, 2, 5, 6, 9, 10, 11, 13], z = 356.65513358527994
oc=[1, 2, 5, 6, 9, 10, 13], z = 388.700051392
oc=[1, 2, 5, 6, 9, 10, 13], z = 388.700051392
oc=[6, 7, 8, 9, 10, 11, 12, 13], z = 366.00166930355203
oc=[1, 2, 5, 9, 10, 11, 13], z = 350.52847935999995
oc=[1, 2, 5, 9, 10, 13], z = 380.00438399999996
oc=[1, 2, 5, 9, 10, 11, 13], z = 350.52847935999995
oc=[1, 2, 4, 5, 9, 10, 11, 13], z = 325.26527935999997
oc=[1, 2, 4, 5, 9, 10, 13], z = 354.741184
oc=[1, 2, 4, 5, 9, 10, 13], z = 354.741184
oc=[2, 3, 4, 5, 6, 8, 9, 10, 11, 12, 13], z = 328.45260402306405
oc=[2, 6, 8, 9, 10, 12], z = 380.49440000000004
oc=[1, 2, 5, 6, 8, 9, 10, 12], z = 380.64447743999995
oc=[1, 5, 8, 9, 11, 12, 13], z = 350.9104639744
oc=[1, 2, 3, 4, 9, 12, 13], z = 368.12141372800005
oc=[6, 9, 10, 11, 12], z = 337.60939536
oc=[1, 4, 8, 9, 10, 11, 12], z = 350.7929378816001
oc=[4, 5, 6, 8, 9, 10, 11, 12], z = 324.338484435347
oc=[1, 5, 9, 10, 12], z = 374.87104
oc=[2, 3, 4, 6, 8, 9, 10, 12], z = 384.89108799999997
oc=[1, 7, 9, 12, 13], z = 419.28
oc=[2, 3, 4, 7, 8, 9, 10, 12], z = 377.05639999999994
oc=[3, 4, 5, 8, 9, 10, 12], z = 355.437264
oc=[3, 6, 9, 10, 12], z = 392.22439999999995
oc=[1, 2, 4, 6, 9, 10, 12], z = 392.261088
oc=[2, 3, 8, 9, 10, 11, 12], z = 353.5654400000001
oc=[2, 3, 8, 9, 10, 12], z = 401.66440000000006
oc=[1, 3, 4, 5, 6, 9, 11, 12, 13], z = 303.49279925851584
oc=[9, 12, 13, 1], z = 408.36
oc=[9, 10, 12, 1], z = 409.0344
oc=[2, 3, 4, 5, 8, 9, 10, 11, 12], z = 312.73926208819205
oc=[9, 10, 12, 5], z = 367.6784
oc=[1, 4, 5, 6, 9, 10, 11, 12], z = 323.84436544760524
oc=[1, 4, 5, 6, 9, 10, 11, 12], z = 323.84436544760524
oc=[1, 8, 9, 10, 11, 12], z = 356.13544
oc=[1, 3, 8, 9, 10, 12], z = 411.9604392000001
oc=[3, 7, 9, 10, 11], z = 377.91560000000004
oc=[3, 4, 5, 7, 9, 12, 13], z = 365.95721056
oc=[4, 5, 7, 9, 11, 12, 13], z = 332.5704409599999
oc=[3, 6, 7, 8, 9, 11, 12, 13], z = 372.76872352
oc=[3, 5, 7, 8, 9, 12, 13], z = 383.9012644224
oc=[9, 10, 2, 12], z = 399.5344
oc=[1, 2, 3, 5, 8, 9, 10, 11, 12], z = 341.55458630138884
oc=[1, 2, 3, 4, 5, 9, 10, 12], z = 350.533627808
oc=[1, 6, 9, 10, 12], z = 394.7944
oc=[1, 2, 4, 8, 9, 10, 12], z = 378.9712
oc=[1, 5, 6, 9, 11, 12, 13], z = 353.84953358528
oc=[1, 3, 4, 5, 6, 8, 9, 12, 13], z = 321.9141010788751
oc=[1, 4, 5, 6, 8, 9, 11, 12, 13], z = 343.3342625170883
oc=[1, 4, 5, 6, 9, 12, 13], z = 362.84865788416005
oc=[1, 5, 6, 9, 11, 12, 13], z = 353.84953358528
oc=[1, 5, 6, 9, 12, 13], z = 384.220051392
oc=[1, 5, 6, 9, 12, 13], z = 384.220051392
oc=[9, 12, 13, 1], z = 408.36
oc=[1, 6, 9, 11, 12, 13], z = 363.17999999999995
oc=[1, 6, 9, 12, 13], z = 394.12
oc=[1, 6, 9, 11, 12, 13], z = 363.17999999999995
oc=[1, 3, 6, 9, 11, 12, 13], z = 347.92845388536
oc=[1, 5, 8, 9, 11, 12, 13], z = 350.9104639744
oc=[1, 4, 6, 9, 11, 12, 13], z = 365.35119999999995
oc=[1, 4, 6, 9, 12, 13], z = 396.29119999999995
oc=[1, 4, 6, 9, 11, 12, 13], z = 365.35119999999995
oc=[9, 4, 13, 6], z = 378.3912
oc=[1, 5, 8, 9, 13], z = 367.20972416
oc=[4, 6, 9, 10, 11, 12], z = 340.7057884288
oc=[6, 8, 9, 10, 11, 12], z = 344.13714990720007
oc=[2, 3, 8, 9, 10, 11, 12], z = 353.5654400000001
oc=[2, 3, 8, 9, 10, 12], z = 401.66440000000006
oc=[2, 3, 8, 9, 10, 12], z = 401.66440000000006
oc=[9, 5, 4, 13], z = 342.45174399999996
oc=[9, 5, 13], z = 359.931744
oc=[2, 3, 5, 6, 9, 13], z = 370.52039516160005
oc=[3, 4, 5, 9, 10, 11, 12], z = 313.3082186496
oc=[5, 6, 9, 10, 11, 12], z = 329.9572784832
oc=[3, 4, 9, 10, 12], z = 388.9844
oc=[3, 4, 5, 8, 9, 11, 13], z = 321.588977238016
oc=[3, 4, 5, 9, 11, 13], z = 316.2397429504
oc=[1, 4, 5, 6, 8, 9, 11, 12, 13], z = 343.3342625170883
oc=[1, 3, 6, 8, 9, 11, 12, 13], z = 353.741124539952
oc=[1, 4, 9, 12, 13], z = 390.88
oc=[1, 6, 9, 10, 11, 12], z = 347.10939536
oc=[1, 6, 9, 10, 12], z = 394.7944
oc=[1, 6, 9, 10, 11, 12], z = 347.10939536
oc=[1, 5, 6, 9, 10, 11, 12], z = 338.5497168832
oc=[1, 5, 6, 9, 10, 12], z = 383.62579200000005
oc=[1, 5, 6, 9, 10, 12], z = 383.62579200000005
oc=[2, 3, 5, 7, 8, 9, 12, 13], z = 378.1529764224
oc=[2, 3, 5, 6, 8, 9, 10, 11, 12], z = 343.83791936486404
oc=[2, 3, 6, 9, 10, 11, 12], z = 344.53939536000007
oc=[8, 9, 10, 12], z = 394.7344
oc=[1, 5, 6, 7, 8, 9, 10, 11, 12], z = 356.55326170086414
oc=[1, 6, 7, 8, 9, 10], z = 394.06000000000006
oc=[1, 9, 10, 11, 12], z = 353.21281600000003
oc=[1, 5, 6, 8, 9, 10, 11, 12], z = 345.63326170086395
oc=[1, 2, 3, 4, 5, 8, 9, 10, 12], z = 352.52806562432
oc=[1, 4, 5, 9, 10, 11, 12], z = 314.97065704960005
oc=[2, 3, 5, 6, 8, 9, 10], z = 372.05072703999997
oc=[1, 2, 3, 5, 6, 9, 10], z = 377.69094993600004
oc=[1, 4, 5, 6, 9, 11, 12, 13], z = 336.61830347120645
oc=[1, 4, 5, 6, 9, 12, 13], z = 362.84865788416005
oc=[1, 4, 5, 6, 9, 12, 13], z = 362.84865788416005
oc=[4, 5, 8, 9, 13], z = 341.06037375999995
oc=[4, 5, 6, 7, 8, 9, 10, 11], z = 338.3576783421644
oc=[1, 3, 4, 6, 7, 9, 10, 12], z = 415.665631424
oc=[3, 6, 8, 9, 10, 11], z = 355.678224
oc=[1, 3, 4, 5, 6, 8, 9, 10, 11], z = 337.5194764192044
oc=[9, 10, 3], z = 399.61
oc=[1, 3, 4, 5, 9, 10], z = 351.462427808
oc=[1, 5, 6, 8, 9, 10, 11], z = 348.9672599296
oc=[1, 3, 4, 8, 9, 10], z = 387.68972233600005
oc=[4, 6, 7, 9, 10, 12], z = 398.38560000000007
oc=[9, 5, 12, 13], z = 368.331744
oc=[1, 2, 5, 6, 9, 11, 12, 13], z = 353.84953358527997
oc=[1, 2, 5, 6, 9, 12, 13], z = 384.22005139199996
oc=[1, 2, 5, 6, 9, 11, 12, 13], z = 353.84953358527997
oc=[1, 2, 5, 6, 8, 9, 11, 12, 13], z = 356.7932031034111
oc=[1, 3, 9, 11, 12, 13], z = 353.30296877600006
oc=[9, 2, 13], z = 390.46000000000004
oc=[4, 5, 9, 11, 13], z = 313.25044096
oc=[9, 5, 4, 13], z = 342.45174399999996
oc=[4, 5, 9, 11, 13], z = 313.25044096
oc=[3, 4, 6, 8, 9, 13], z = 381.1539120000001
oc=[3, 5, 8, 9, 11, 13], z = 339.06897723801603
oc=[2, 3, 5, 9, 11, 13], z = 333.7197429504
oc=[1, 2, 4, 5, 6, 9, 11, 12, 13], z = 325.96591403223033
oc=[1, 2, 4, 5, 6, 9, 12, 13], z = 352.04834364416
oc=[1, 2, 4, 5, 6, 9, 12, 13], z = 352.04834364416
oc=[1, 2, 4, 5, 6, 8, 9, 11, 12, 13], z = 332.7258278761308
oc=[1, 2, 4, 5, 6, 8, 9, 12, 13], z = 357.356325060608
oc=[1, 2, 4, 5, 6, 8, 9, 11, 12, 13], z = 332.7258278761308
oc=[5, 6, 8, 9, 13], z = 364.4809691136
oc=[1, 2, 6, 8, 9, 11, 12, 13], z = 366.06960000000004
oc=[1, 2, 6, 8, 9, 12, 13], z = 390.8944
oc=[1, 2, 6, 8, 9, 11, 12, 13], z = 366.06960000000004
oc=[1, 2, 5, 6, 8, 9, 11, 12, 13], z = 356.7932031034111
oc=[1, 2, 5, 6, 8, 9, 12, 13], z = 381.59522381568
oc=[1, 2, 5, 6, 8, 9, 12, 13], z = 381.59522381568
oc=[1, 2, 4, 5, 8, 9, 11, 12, 13], z = 325.64726397439995
oc=[1, 2, 4, 5, 8, 9, 12, 13], z = 350.34652416000006
oc=[1, 2, 4, 5, 8, 9, 11, 12, 13], z = 325.64726397439995
oc=[1, 2, 4, 6, 9, 11, 12, 13], z = 360.6466880000001
oc=[1, 2, 4, 6, 9, 12, 13], z = 391.58668800000004
oc=[1, 2, 4, 6, 9, 11, 12, 13], z = 360.6466880000001
oc=[1, 3, 8, 9, 11, 12, 13], z = 352.19297460512007
oc=[9, 5, 11, 13], z = 330.73044096
oc=[9, 5, 13], z = 359.931744
oc=[9, 5, 11, 13], z = 330.73044096
oc=[1, 2, 4, 8, 9, 11, 12, 13], z = 355.0464
oc=[1, 2, 4, 8, 9, 12, 13], z = 379.87119999999993
oc=[1, 2, 4, 8, 9, 12, 13], z = 379.87119999999993
oc=[5, 9, 11, 12, 13], z = 339.13044096
oc=[9, 5, 12, 13], z = 368.331744
oc=[9, 5, 12, 13], z = 368.331744
oc=[2, 3, 6, 9, 10, 11], z = 352.7556000000001
oc=[2, 6, 9, 10, 11], z = 345.8256
oc=[2, 3, 5, 8, 9, 10], z = 366.06286400000005
oc=[1, 2, 3, 6, 8, 9, 10], z = 390.927645712
oc=[9, 10, 3], z = 399.61
oc=[1, 2, 5, 7, 8, 9, 11, 12, 13], z = 356.0821759744
oc=[1, 3, 4, 7, 8, 9, 12, 13], z = 392.16874552867847
oc=[1, 2, 8, 9, 11, 12, 13], z = 380.30960000000005
oc=[1, 2, 8, 9, 12, 13], z = 405.1344
oc=[1, 2, 8, 9, 12, 13], z = 405.1344
oc=[1, 3, 5, 6, 8, 9, 10], z = 377.57504423616
oc=[2, 5, 6, 8, 9, 11, 12, 13], z = 348.063819380224
oc=[2, 5, 6, 8, 9, 12, 13], z = 372.88096911360003
oc=[2, 5, 6, 8, 9, 11, 12, 13], z = 348.063819380224
oc=[2, 4, 5, 6, 8, 9, 11, 12, 13], z = 325.21886498760693
oc=[2, 4, 5, 6, 8, 9, 12, 13], z = 349.856238877696
oc=[2, 4, 5, 6, 8, 9, 11, 12, 13], z = 325.21886498760693
oc=[2, 6, 9, 11, 12, 13], z = 353.68
oc=[2, 6, 8, 9, 11, 12, 13], z = 356.5695999999999
oc=[2, 6, 8, 9, 12, 13], z = 381.3944
oc=[2, 6, 8, 9, 12, 13], z = 381.3944
oc=[2, 4, 6, 8, 9, 11, 12, 13], z = 354.036288
oc=[2, 4, 6, 8, 9, 12, 13], z = 378.861088
oc=[2, 4, 6, 8, 9, 12, 13], z = 378.861088
oc=[2, 3, 4, 6, 8, 9, 10, 11], z = 353.14491200000003
oc=[2, 3, 4, 5, 6, 8, 9, 10, 11], z = 324.32753502470143
oc=[2, 3, 6, 9, 10], z = 385.37
oc=[1, 3, 4, 8, 9, 10], z = 387.68972233600005
oc=[1, 2, 3, 4, 7, 9, 11, 12, 13], z = 338.1525293575976
oc=[2, 4, 5, 7, 8, 9, 13], z = 334.29369471999996
oc=[1, 2, 4, 5, 6, 7, 9, 12, 13], z = 352.0441055193601
oc=[1, 6, 8, 9, 11], z = 345.4352
oc=[1, 2, 7, 9, 11, 12, 13], z = 378.07520000000005
oc=[1, 2, 6, 7, 9, 11, 12, 13], z = 368.40303600000004
oc=[1, 2, 4, 5, 6, 7, 9, 11, 12, 13], z = 326.03526356511315
oc=[1, 2, 3, 4, 7, 9, 12, 13], z = 369.0892503018496
oc=[1, 2, 5, 8, 9, 11, 12, 13], z = 350.9104639744
oc=[1, 2, 5, 8, 9, 12, 13], z = 375.60972416
oc=[1, 2, 5, 8, 9, 11, 12, 13], z = 350.9104639744
oc=[1, 2, 9, 11, 12, 13], z = 377.41999999999996
oc=[1, 2, 9, 12, 13], z = 408.35999999999996
oc=[1, 2, 9, 12, 13], z = 408.35999999999996
oc=[3, 4, 5, 6, 9, 10], z = 354.98846528
oc=[3, 4, 6, 9, 10, 11], z = 354.9268
oc=[9, 10, 4, 5], z = 343.34400000000005
oc=[3, 6, 8, 9, 10], z = 380.57
oc=[2, 3, 4, 5, 6, 7, 9, 10], z = 344.18391291520004
oc=[1, 2, 3, 5, 7, 9, 10, 11, 12], z = 339.9537243964704
oc=[2, 4, 6, 7, 8, 9, 10, 11], z = 348.63634191999995
oc=[1, 3, 7, 8, 9, 10, 11, 12], z = 374.844470128
oc=[1, 2, 3, 4, 5, 6, 7, 9, 10, 12], z = 352.2430894689493
oc=[1, 2, 4, 5, 6, 7, 9, 10, 11, 12], z = 313.67485638748576
oc=[3, 4, 5, 7, 8, 9, 10], z = 359.50286400000005
oc=[1, 2, 3, 4, 6, 7, 8, 9, 10, 12], z = 397.67768983791643
oc=[3, 4, 5, 6, 7, 8, 9, 10, 12], z = 376.7991894272
oc=[1, 2, 3, 4, 6, 7, 8, 9, 10, 12], z = 397.67768983791643
oc=[1, 2, 3, 5, 9, 10], z = 368.7513784
oc=[1, 2, 3, 5, 7, 8, 9, 11, 12, 13], z = 319.78880713083055
oc=[1, 2, 5, 7, 8, 9, 11, 12, 13], z = 356.0821759744
oc=[1, 2, 3, 7, 9, 11, 12, 13], z = 357.62365496996966
oc=[3, 5, 6, 7, 9, 13], z = 381.44039516159995
oc=[1, 2, 3, 4, 7, 8, 9, 11, 13], z = 335.79357752947715
oc=[1, 2, 4, 5, 6, 7, 8, 9, 13], z = 349.5639039128432
oc=[1, 2, 6, 7, 9, 11, 12, 13], z = 368.40303600000004
oc=[1, 2, 6, 7, 9, 12, 13], z = 399.343036
oc=[1, 2, 6, 7, 9, 11, 12, 13], z = 368.40303600000004
oc=[1, 2, 5, 7, 9, 11, 12, 13], z = 352.89459135999994
oc=[1, 2, 4, 5, 7, 9, 11, 12, 13], z = 323.47620032000003
oc=[1, 2, 5, 6, 7, 8, 9, 11, 12, 13], z = 362.5130554234112
oc=[2, 8, 9, 11, 12], z = 358.5752
oc=[1, 2, 3, 6, 7, 9, 11, 12, 13], z = 353.55469336669665
oc=[1, 4, 7, 9, 13], z = 393.4
oc=[2, 3, 5, 6, 7, 9, 11, 13], z = 345.35992604454395
oc=[2, 3, 7, 8, 9, 13], z = 393.877912
oc=[2, 3, 4, 6, 7, 9, 13], z = 378.97911791999996
oc=[1, 2, 4, 6, 7, 8, 9, 11, 13], z = 357.55771791999996
oc=[1, 3, 4, 7, 9, 11, 13], z = 347.50729046208005
oc=[1, 2, 7, 9, 11, 12, 13], z = 378.07520000000005
oc=[1, 2, 7, 9, 12, 13], z = 409.0152
oc=[1, 2, 7, 9, 11, 12, 13], z = 378.07520000000005
oc=[1, 2, 5, 6, 7, 9, 11, 12, 13], z = 359.5693859052799
oc=[1, 2, 5, 6, 7, 9, 12, 13], z = 389.93990371200005
oc=[1, 2, 5, 6, 7, 9, 11, 12, 13], z = 359.5693859052799
oc=[1, 5, 6, 7, 8, 9, 12, 13], z = 392.51522381568
oc=[1, 3, 6, 7, 8, 9, 10, 12], z = 408.7020457120001
oc=[1, 2, 5, 7, 9, 11, 12, 13], z = 352.89459135999994
oc=[1, 2, 5, 7, 9, 12, 13], z = 380.696096
oc=[1, 2, 5, 7, 9, 12, 13], z = 380.696096
oc=[2, 9, 10, 3], z = 399.61
oc=[1, 3, 5, 6, 8, 9, 10], z = 377.57504423616
oc=[1, 9, 11, 12, 13], z = 377.42
oc=[9, 12, 13, 1], z = 408.36
oc=[9, 12, 13, 1], z = 408.36
oc=[3, 4, 8, 9, 10], z = 377.33000000000004
oc=[1, 2, 3, 4, 6, 8, 9, 10, 11], z = 363.51011717712635
oc=[1, 2, 3, 5, 6, 9, 10], z = 377.69094993600004
oc=[1, 2, 4, 6, 7, 9, 11, 12, 13], z = 363.0681179200001
oc=[1, 2, 4, 6, 7, 9, 12, 13], z = 394.00811792
oc=[1, 2, 4, 6, 7, 9, 11, 12, 13], z = 363.0681179200001
oc=[1, 2, 7, 9, 13], z = 400.6152
oc=[1, 2, 4, 5, 6, 7, 9, 11, 13], z = 317.6352635651132
oc=[1, 2, 3, 5, 6, 7, 8, 9, 11, 12, 13], z = 327.89832544892664
oc=[1, 2, 4, 5, 7, 9, 13], z = 342.87770496
oc=[1, 2, 7, 8, 9, 12, 13], z = 405.78960000000006
oc=[1, 2, 4, 6, 7, 8, 9, 11, 12, 13], z = 365.95771791999994
oc=[1, 2, 5, 6, 7, 8, 9, 12, 13], z = 387.31507613568
oc=[1, 2, 4, 7, 8, 9, 11, 12, 13], z = 355.7016
oc=[2, 7, 9, 10, 12], z = 400.18960000000004
oc=[1, 4, 6, 7, 9, 12, 13], z = 407.21119999999996
oc=[2, 3, 5, 6, 9, 10, 11], z = 344.21851584
oc=[2, 3, 6, 8, 9, 10, 11], z = 355.678224
oc=[2, 3, 4, 5, 6, 9, 10, 11], z = 317.588298715136
oc=[2, 4, 8, 9, 10], z = 362.6168
oc=[2, 3, 4, 5, 6, 8, 9, 10, 11], z = 324.32753502470143
oc=[2, 3, 4, 5, 6, 8, 9, 10], z = 348.978729117696
oc=[2, 3, 4, 5, 6, 8, 9, 10], z = 348.978729117696
oc=[2, 3, 6, 9, 10, 11], z = 352.7556000000001
oc=[2, 3, 6, 9, 10], z = 385.37
oc=[2, 3, 6, 9, 10, 11], z = 352.7556000000001
oc=[2, 3, 6, 8, 9, 10, 11], z = 355.678224
oc=[2, 3, 6, 8, 9, 10], z = 380.57000000000005
oc=[2, 3, 6, 8, 9, 10], z = 380.57000000000005
oc=[3, 4, 5, 6, 8, 9, 10], z = 359.0247894272
oc=[8, 9, 10], z = 387.88
oc=[2, 4, 6, 9, 10, 11], z = 343.29228800000004
oc=[2, 4, 6, 8, 9, 10], z = 371.10668799999996
oc=[1, 3, 5, 8, 9, 10, 11], z = 346.2975897189888
oc=[1, 3, 4, 9, 10, 11], z = 359.86840025600003
oc=[1, 3, 4, 5, 8, 9, 10, 11], z = 328.8182774968576
oc=[1, 3, 4, 5, 8, 9, 10], z = 353.45686562432
oc=[1, 3, 4, 5, 8, 9, 10], z = 353.45686562432
oc=[1, 3, 4, 8, 9, 10, 11], z = 362.80298561024006
oc=[1, 3, 4, 8, 9, 10], z = 387.68972233600005
oc=[1, 3, 4, 8, 9, 10], z = 387.68972233600005
oc=[1, 2, 5, 8, 9, 10], z = 367.80221439999997
oc=[4, 6, 8, 9, 10], z = 375.8112
oc=[1, 6, 9, 10, 11], z = 355.3256
oc=[1, 4, 5, 6, 8, 9, 10, 11], z = 335.51260924320763
oc=[1, 3, 4, 6, 9, 10], z = 397.89123142400007
oc=[2, 5, 8, 9, 10], z = 359.13286400000004
oc=[2, 4, 5, 8, 9, 10, 11], z = 309.09576576000006
oc=[9, 10, 2], z = 392.68
oc=[1, 2, 3, 9, 10], z = 408.24474
oc=[4, 5, 6, 9, 11, 12, 13], z = 329.16393722675195
oc=[1, 2, 3, 5, 7, 8, 9, 10, 11, 12], z = 347.16005978951387
oc=[1, 2, 3, 7, 8, 9, 10, 12], z = 412.67485067232
oc=[2, 6, 9, 10, 11], z = 345.8256
oc=[2, 4, 5, 6, 9, 10], z = 337.25815104000003
oc=[3, 6, 8, 9, 10], z = 380.57
oc=[2, 3, 5, 6, 8, 9, 10, 11], z = 347.1719175935999
oc=[2, 3, 5, 6, 8, 9, 10], z = 372.05072703999997
oc=[2, 3, 5, 6, 8, 9, 10], z = 372.05072703999997
oc=[3, 4, 6, 7, 8, 9, 12, 13], z = 400.47391200000004
oc=[1, 2, 3, 4, 5, 7, 8, 9, 10, 12], z = 353.5451550144544
oc=[5, 6, 7, 9, 10, 11], z = 348.20851583999996
oc=[1, 7, 9, 10, 11, 12], z = 364.13281599999993
oc=[2, 3, 4, 5, 6, 7, 9, 10, 11], z = 317.66662235261424
oc=[1, 2, 3, 4, 6, 7, 9, 10, 12], z = 402.4755758679105
oc=[1, 3, 5, 7, 9, 10, 11, 12], z = 345.25290329472
oc=[1, 3, 5, 6, 7, 8, 9, 10, 12], z = 395.34944423616
oc=[1, 2, 3, 7, 9, 10, 12], z = 417.2346268079999
oc=[3, 4, 5, 6, 7, 8, 9, 10, 11, 12], z = 342.18848443534705
oc=[5, 6, 7, 9, 10, 11, 12], z = 340.8772784831999
oc=[2, 4, 5, 6, 7, 9, 10], z = 337.2539129152
oc=[2, 3, 5, 6, 7, 9, 10, 11, 12], z = 342.6547742236646
oc=[4, 5, 7, 9, 10, 12], z = 361.11839999999995
oc=[3, 7, 8, 9, 10, 11], z = 380.83822399999997
oc=[2, 3, 5, 7, 8, 9, 10, 11], z = 346.46067775999995
oc=[4, 6, 7, 8, 9, 10, 11, 12], z = 358.56347467417606
oc=[1, 2, 4, 8, 9, 10, 13], z = 384.35119999999995
oc=[1, 4, 5, 9, 10, 11, 13], z = 333.04847936
oc=[2, 5, 6, 9, 10, 11, 12, 13], z = 340.6304231488
oc=[2, 5, 6, 9, 10, 12, 13], z = 387.23920383999996
oc=[2, 5, 6, 9, 10, 12, 13], z = 387.23920383999996
oc=[1, 2, 5, 9, 10, 11, 12, 13], z = 342.22085247999996
oc=[1, 3, 4, 8, 9, 10, 12, 13], z = 393.20106908871685
oc=[4, 5, 7, 8, 9, 10, 11, 12, 13], z = 335.62850472681475
oc=[5, 7, 8, 9, 10, 12, 13], z = 389.19477376
oc=[2, 6, 9, 10, 11, 12, 13], z = 348.26939536000003
oc=[2, 6, 9, 10, 12, 13], z = 395.9544
oc=[2, 6, 9, 10, 12, 13], z = 395.9544
oc=[1, 4, 5, 7, 9, 10, 11, 12, 13], z = 336.6701540096
oc=[1, 4, 5, 7, 9, 10, 11, 12, 13], z = 336.6701540096
oc=[1, 2, 3, 4, 5, 6, 7, 9, 10, 12, 13], z = 334.03620484347044
oc=[1, 4, 5, 7, 8, 9, 10, 11, 12, 13], z = 344.3538470628147
oc=[2, 3, 5, 7, 9, 10, 11], z = 343.25825599999996
oc=[2, 4, 5, 7, 8, 9, 10, 11, 13], z = 322.35146659839995
oc=[3, 6, 7, 9, 10, 11, 12], z = 355.45939536000003
oc=[1, 7, 9, 10, 11, 12, 13], z = 374.79281599999996
oc=[1, 5, 7, 9, 10, 11, 12, 13], z = 353.14085248
oc=[1, 5, 7, 9, 10, 12, 13], z = 397.778784
oc=[1, 5, 7, 9, 10, 11, 12, 13], z = 353.14085248
oc=[1, 2, 3, 4, 6, 7, 8, 9, 10, 12, 13], z = 397.51742461482786
oc=[1, 3, 4, 5, 7, 8, 9, 10, 11, 12, 13], z = 292.49126529866476
oc=[1, 7, 9, 10, 11, 12, 13], z = 374.79281599999996
oc=[1, 7, 9, 10, 12, 13], z = 430.61439999999993
oc=[1, 7, 9, 10, 12, 13], z = 430.61439999999993
oc=[1, 2, 6, 7, 9, 10, 12, 13], z = 410.677436
oc=[1, 3, 8, 9, 10, 11, 12, 13], z = 331.2074056545436
oc=[1, 2, 4, 9, 10, 11, 12, 13], z = 347.02046208000013
oc=[1, 3, 5, 6, 8, 9, 10, 11, 12, 13], z = 297.82278213149016
oc=[1, 3, 4, 6, 9, 10, 11, 13], z = 353.9133292708288
oc=[4, 7, 9, 10, 11, 12], z = 345.56366208
oc=[1, 2, 4, 6, 8, 9, 10, 11, 12, 13], z = 363.5515540667801
oc=[2, 3, 5, 7, 8, 9, 10, 11], z = 346.46067775999995
oc=[1, 5, 6, 8, 9, 10, 11, 13], z = 361.20622710341127
oc=[2, 3, 5, 7, 9, 10, 12], z = 379.78011200000003
oc=[3, 4, 6, 7, 8, 9, 10, 12], z = 400.51560000000006
oc=[2, 3, 6, 7, 8, 9, 10, 12], z = 392.647436
oc=[3, 6, 7, 8, 9, 10, 12], z = 398.34439999999995
oc=[3, 4, 5, 7, 8, 9, 10, 11, 12], z = 331.442462088192
oc=[3, 4, 5, 7, 8, 9, 10, 12], z = 366.3572640000001
oc=[2, 3, 5, 7, 9, 10, 12], z = 379.78011200000003
oc=[1, 3, 4, 9, 10, 11], z = 359.86840025600003
oc=[1, 3, 8, 9, 10, 11], z = 380.2772541280001
oc=[1, 3, 8, 9, 10], z = 405.10603920000005
oc=[1, 3, 8, 9, 10], z = 405.10603920000005
oc=[1, 3, 4, 7, 8, 9, 10, 12], z = 405.46412233600006
oc=[3, 4, 8, 9, 10], z = 377.33000000000004
oc=[1, 3, 4, 6, 8, 9, 10, 11], z = 368.2146291771264
oc=[2, 3, 4, 8, 9, 10, 11], z = 344.655024
oc=[2, 3, 4, 5, 6, 9, 10, 11], z = 317.588298715136
oc=[2, 3, 4, 5, 6, 9, 10], z = 344.18815104000004
oc=[2, 3, 4, 5, 6, 9, 10], z = 344.18815104000004
oc=[2, 3, 5, 8, 9, 10, 11], z = 341.28896576
oc=[8, 9, 10, 5], z = 359.132864
oc=[2, 3, 4, 5, 8, 9, 10, 11], z = 316.02576576
oc=[2, 3, 4, 5, 8, 9, 10], z = 340.799664
oc=[2, 3, 4, 5, 8, 9, 10], z = 340.799664
oc=[4, 5, 8, 9, 10], z = 341.65286399999997
oc=[2, 3, 5, 6, 9, 10, 11], z = 344.21851584
oc=[2, 3, 5, 6, 9, 10], z = 376.50875199999996
oc=[2, 3, 5, 6, 9, 10], z = 376.50875199999996
oc=[2, 3, 4, 5, 9, 10], z = 342.49080000000004
oc=[2, 9, 10, 3], z = 399.61
oc=[2, 3, 8, 9, 10, 11], z = 369.918224
oc=[2, 3, 8, 9, 10], z = 394.81000000000006
oc=[2, 3, 8, 9, 10], z = 394.81000000000006
oc=[1, 2, 3, 4, 6, 9, 10, 11], z = 360.5861774281601
oc=[1, 2, 3, 4, 5, 8, 9, 10, 11], z = 321.0350774968577
oc=[1, 2, 3, 4, 6, 9, 10, 12], z = 400.04111942400004
oc=[3, 7, 8, 9, 10, 12], z = 412.5844
oc=[4, 6, 8, 9, 10, 11, 12], z = 347.64347467417605
oc=[2, 3, 4, 5, 6, 8, 9, 10, 12], z = 355.833129117696
oc=[1, 2, 3, 6, 9, 10], z = 395.5449028
oc=[3, 6, 8, 9, 10, 11], z = 355.678224
oc=[3, 6, 8, 9, 10], z = 380.57
oc=[3, 6, 8, 9, 10], z = 380.57
oc=[2, 3, 5, 6, 7, 8, 9, 12, 13], z = 384.59491708646397
oc=[1, 2, 3, 5, 6, 9, 10, 11], z = 349.5044859476992
oc=[1, 2, 3, 5, 6, 9, 10], z = 377.69094993600004
oc=[1, 2, 3, 5, 6, 9, 10], z = 377.69094993600004
oc=[2, 3, 4, 6, 9, 10, 11], z = 350.22228800000005
oc=[2, 3, 4, 6, 9, 10], z = 382.8366880000001
oc=[2, 3, 4, 6, 9, 10], z = 382.8366880000001
oc=[4, 5, 6, 8, 9, 11, 12, 13], z = 335.25900830507004
oc=[4, 5, 6, 8, 9, 12, 13], z = 359.90229918719996
oc=[4, 5, 6, 8, 9, 11, 12, 13], z = 335.25900830507004
oc=[6, 9, 11, 12, 13], z = 353.68000000000006
oc=[2, 3, 4, 6, 9, 11, 12, 13], z = 354.017688
oc=[1, 2, 3, 6, 7, 9, 10, 12], z = 407.78517034888006
oc=[2, 3, 9, 10, 11], z = 366.9956
oc=[2, 9, 10, 3], z = 399.61
oc=[2, 3, 9, 10, 11], z = 366.9956
oc=[1, 3, 5, 8, 9, 10, 11], z = 346.2975897189888
oc=[1, 3, 5, 8, 9, 10], z = 370.92922364800006
oc=[1, 3, 5, 8, 9, 10, 11], z = 346.2975897189888
oc=[1, 3, 9, 10, 11], z = 377.2051132
oc=[3, 5, 8, 9, 10, 11], z = 341.28896576
oc=[9, 10, 3, 6], z = 385.37
oc=[1, 3, 5, 9, 10, 11], z = 342.64053017472
oc=[1, 3, 5, 9, 10], z = 368.7513784
oc=[1, 3, 5, 9, 10], z = 368.7513784
oc=[2, 3, 4, 5, 7, 8, 9, 10, 12], z = 348.6705849599999
oc=[2, 3, 6, 7, 9, 10, 12], z = 397.447436
oc=[3, 5, 6, 7, 8, 9, 10, 12], z = 389.82512704
oc=[1, 2, 5, 9, 11, 12, 13], z = 347.72287936000004
oc=[1, 2, 5, 9, 12, 13], z = 375.52438399999994
oc=[1, 2, 5, 9, 12, 13], z = 375.52438399999994
oc=[3, 5, 6, 9, 10, 11], z = 344.21851583999995
oc=[3, 5, 6, 9, 10], z = 376.50875199999996
oc=[3, 5, 6, 9, 10, 11], z = 344.21851583999995
oc=[3, 4, 5, 8, 9, 10, 11], z = 323.8089657600001
oc=[3, 4, 5, 8, 9, 10], z = 348.58286400000003
oc=[3, 4, 5, 8, 9, 10], z = 348.58286400000003
oc=[3, 6, 9, 10, 11], z = 352.75559999999996
oc=[9, 10, 3, 6], z = 385.37
oc=[9, 10, 3, 6], z = 385.37
oc=[1, 2, 3, 4, 5, 9, 10], z = 343.679227808
oc=[1, 2, 3, 5, 9, 10, 11], z = 342.64053017471997
oc=[1, 2, 3, 5, 9, 10], z = 368.7513784
oc=[1, 2, 3, 5, 9, 10, 11], z = 342.64053017471997
oc=[1, 4, 5, 6, 9, 10, 11], z = 328.756971624192
oc=[1, 2, 3, 6, 8, 9, 10, 11], z = 366.04279871408
oc=[1, 2, 3, 4, 8, 9, 10], z = 379.90652233599997
oc=[3, 4, 5, 9, 10], z = 350.27400000000006
oc=[3, 4, 8, 9, 10, 11], z = 352.438224
oc=[3, 4, 8, 9, 10], z = 377.33000000000004
oc=[3, 4, 8, 9, 10, 11], z = 352.438224
oc=[9, 10, 5, 6], z = 369.578752
oc=[1, 3, 5, 6, 9, 10], z = 377.69094993600004
oc=[2, 4, 5, 8, 9, 11, 12, 13], z = 316.9219216384
oc=[2, 4, 5, 8, 9, 12, 13], z = 341.67717375999996
oc=[2, 4, 5, 8, 9, 11, 12, 13], z = 316.9219216384
oc=[2, 5, 9, 12, 13], z = 368.33174399999996
oc=[2, 5, 6, 9, 12, 13], z = 375.90480384
oc=[1, 3, 4, 5, 6, 7, 8, 9, 10, 12], z = 379.924223246848
oc=[2, 5, 8, 9, 10], z = 359.13286400000004
oc=[2, 5, 6, 9, 10, 11], z = 337.28851584000006
oc=[2, 5, 6, 9, 10], z = 369.578752
oc=[2, 5, 6, 9, 10], z = 369.578752
oc=[2, 6, 9, 10, 11], z = 345.8256
oc=[9, 10, 2, 6], z = 378.43999999999994
oc=[2, 6, 9, 10, 11], z = 345.8256
oc=[2, 4, 8, 9, 10, 11], z = 337.725024
oc=[2, 4, 8, 9, 10], z = 362.6168
oc=[2, 4, 8, 9, 10, 11], z = 337.725024
oc=[3, 5, 9, 10, 11], z = 338.086544
oc=[3, 8, 9, 10, 11], z = 369.918224
oc=[8, 9, 10, 3], z = 394.81
oc=[3, 8, 9, 10, 11], z = 369.918224
oc=[3, 5, 8, 9, 10, 11], z = 341.28896576
oc=[3, 5, 8, 9, 10], z = 366.06286400000005
oc=[3, 5, 8, 9, 10, 11], z = 341.28896576
oc=[3, 4, 9, 10, 11], z = 349.5156
oc=[9, 10, 3, 4], z = 382.12999999999994
oc=[3, 4, 9, 10, 11], z = 349.5156
oc=[4, 6, 9, 10, 11, 12], z = 340.7057884288
oc=[2, 4, 6, 9, 10, 11], z = 343.29228800000004
oc=[2, 4, 6, 9, 10], z = 375.90668800000003
oc=[2, 4, 6, 9, 10], z = 375.90668800000003
oc=[4, 5, 9, 10, 11], z = 313.676544
oc=[8, 9, 10], z = 387.88
oc=[1, 2, 3, 4, 5, 6, 8, 9, 10], z = 351.53547161384955
oc=[1, 2, 3, 9, 10, 11], z = 377.2051132
oc=[1, 2, 3, 9, 10], z = 408.24474
oc=[1, 2, 3, 9, 10], z = 408.24474
oc=[2, 4, 5, 9, 10, 11], z = 305.89334400000007
oc=[9, 10, 2, 5], z = 360.824
oc=[2, 3, 6, 8, 9, 10, 11, 12], z = 351.0671499072
oc=[2, 3, 6, 8, 9, 10, 12], z = 387.4244000000001
oc=[2, 3, 6, 8, 9, 10, 11, 12], z = 351.0671499072
oc=[11, 9, 10, 3], z = 366.9956
oc=[9, 10, 3], z = 399.61
oc=[9, 10, 3], z = 399.61
oc=[3, 5, 9, 10, 11], z = 338.086544
oc=[9, 10, 3, 5], z = 367.75399999999996
oc=[3, 5, 9, 10, 11], z = 338.086544
oc=[2, 8, 9, 10, 11], z = 362.988224
oc=[8, 9, 10, 2], z = 387.88
oc=[2, 8, 9, 10, 11], z = 362.988224
oc=[5, 6, 8, 9, 10, 12], z = 371.97512704
oc=[1, 3, 5, 6, 8, 9, 10, 11, 12], z = 349.526387447892
oc=[1, 5, 9, 10, 11, 12], z = 331.44135552
oc=[1, 5, 9, 10, 12], z = 374.87104
oc=[1, 5, 9, 10, 12], z = 374.87104
oc=[2, 4, 5, 6, 8, 9, 10, 11, 12], z = 314.31586961510607
oc=[2, 4, 5, 6, 9, 10, 11, 12], z = 305.74103070418164
oc=[2, 3, 5, 9, 10, 11], z = 338.086544
oc=[2, 3, 5, 9, 10], z = 367.754
oc=[2, 3, 5, 9, 10], z = 367.754
oc=[2, 3, 4, 5, 7, 9, 10, 11, 12], z = 306.57618936993794
oc=[2, 3, 4, 5, 6, 7, 8, 9, 10, 11, 12], z = 321.3434173070898
oc=[6, 7, 8, 9, 10, 11, 12], z = 355.0571499072
oc=[1, 3, 5, 9, 10, 12, 13], z = 355.94527209600005
oc=[2, 3, 7, 9, 10, 11, 12], z = 354.90736603519997
oc=[1, 6, 9, 10, 13], z = 398.6
oc=[3, 4, 6, 9, 10, 11, 13], z = 361.52780000000007
oc=[6, 7, 8, 9, 10], z = 384.56000000000006
oc=[2, 6, 7, 8, 9, 10], z = 378.863036
oc=[1, 3, 6, 7, 9, 10, 11], z = 374.023727852
oc=[1, 3, 9, 10, 11], z = 377.2051132
oc=[9, 10, 3, 1], z = 408.24474
oc=[1, 3, 9, 10, 11], z = 377.2051132
oc=[3, 5, 6, 8, 9, 10, 11], z = 347.1719175935999
oc=[3, 5, 6, 8, 9, 10], z = 372.05072703999997
oc=[3, 5, 6, 8, 9, 10], z = 372.05072703999997
oc=[3, 5, 7, 8, 9, 12, 13], z = 383.9012644224
oc=[5, 6, 7, 9, 10], z = 380.49875199999997
oc=[1, 7, 8, 9, 11, 12, 13], z = 391.22959999999995
oc=[2, 4, 7, 8, 9, 10], z = 363.27200000000005
oc=[2, 4, 5, 6, 7, 8, 9, 10], z = 342.1391628655514
oc=[9, 10, 2, 7], z = 393.3352
oc=[2, 6, 7, 9, 10, 11], z = 351.04863600000004
oc=[2, 6, 7, 9, 10, 11], z = 351.04863600000004
oc=[2, 3, 4, 7, 9, 10, 11, 12], z = 334.734410082816
oc=[2, 3, 4, 7, 9, 10, 12], z = 381.8564
oc=[2, 3, 4, 7, 9, 10, 11, 12], z = 334.734410082816
oc=[5, 6, 7, 9, 10, 11, 12], z = 340.8772784831999
oc=[2, 4, 7, 8, 9, 10], z = 363.27200000000005
oc=[2, 3, 5, 7, 8, 9, 10, 12], z = 378.08897599999995
oc=[2, 3, 6, 7, 8, 9, 10, 12], z = 392.647436
oc=[2, 3, 4, 7, 8, 9, 10, 11, 12], z = 341.3836858844159
oc=[2, 3, 5, 7, 9, 10, 11, 12], z = 335.3837511242241
oc=[2, 3, 5, 7, 9, 10, 12], z = 379.78011200000003
oc=[2, 3, 5, 7, 9, 10, 12], z = 379.78011200000003
oc=[3, 4, 6, 7, 9, 10, 12], z = 405.3156
oc=[2, 3, 4, 6, 7, 9, 10, 11, 12], z = 345.38446862910985
oc=[2, 3, 4, 6, 7, 8, 9, 10, 12], z = 387.31251792000006
oc=[2, 3, 7, 8, 9, 10, 11, 12], z = 357.8299900352
oc=[2, 3, 7, 8, 9, 10, 12], z = 402.3196
oc=[2, 3, 7, 8, 9, 10, 11, 12], z = 357.8299900352
oc=[2, 3, 6, 7, 9, 10, 11, 12], z = 350.15945986387203
oc=[2, 3, 5, 6, 7, 9, 10, 11], z = 349.93836816
oc=[4, 7, 8, 9, 10, 12], z = 388.1744
oc=[2, 6, 7, 9, 10, 11, 12], z = 343.2294598638721
oc=[2, 4, 7, 8, 9, 10, 11, 12], z = 334.453685884416
oc=[2, 3, 5, 7, 8, 9, 10, 11, 12], z = 342.150796346624
oc=[2, 3, 5, 7, 8, 9, 10, 12], z = 378.08897599999995
oc=[2, 3, 5, 7, 8, 9, 10, 12], z = 378.08897599999995
oc=[2, 4, 5, 6, 7, 9, 10, 11], z = 310.73662235261423
oc=[2, 3, 4, 5, 7, 8, 9, 10, 11, 12], z = 313.7904328085299
oc=[2, 3, 4, 5, 7, 8, 9, 10, 12], z = 348.6705849599999
oc=[2, 3, 4, 5, 7, 8, 9, 10, 11, 12], z = 313.7904328085299
oc=[2, 3, 4, 6, 7, 9, 10, 11, 12], z = 345.38446862910985
oc=[2, 3, 4, 6, 7, 9, 10, 12], z = 392.11251792
oc=[2, 3, 4, 6, 7, 9, 10, 11, 12], z = 345.38446862910985
oc=[2, 4, 5, 6, 7, 8, 9, 10, 11], z = 317.4912712430479
oc=[1, 2, 9, 10, 11, 12, 13], z = 363.87281599999994
oc=[1, 2, 9, 10, 12, 13], z = 419.6944
oc=[1, 2, 9, 10, 11, 12, 13], z = 363.87281599999994
oc=[2, 4, 5, 6, 7, 9, 10, 12], z = 344.10831291520003
oc=[1, 2, 4, 9, 10, 11, 12, 13], z = 347.02046208000013
oc=[1, 2, 4, 9, 10, 12, 13], z = 394.43120000000005
oc=[1, 2, 4, 9, 10, 11, 12, 13], z = 347.02046208000013
oc=[3, 4, 5, 7, 9, 10, 12], z = 368.0484
oc=[2, 3, 6, 7, 8, 9, 10, 11, 12], z = 356.6872144110721
oc=[2, 3, 6, 7, 8, 9, 10, 12], z = 392.647436
oc=[2, 3, 6, 7, 8, 9, 10, 12], z = 392.647436
oc=[1, 2, 3, 4, 5, 7, 9, 10, 11, 12], z = 311.14864895910017
oc=[1, 2, 3, 5, 7, 9, 10, 12], z = 380.95512481696005
oc=[1, 2, 3, 7, 9, 10, 11, 12], z = 365.25010504792
oc=[1, 2, 3, 7, 9, 10, 12], z = 417.2346268079999
oc=[1, 2, 3, 7, 9, 10, 12], z = 417.2346268079999
oc=[2, 4, 9, 11, 12, 13], z = 342.65680000000003
oc=[2, 4, 5, 6, 9, 12, 13], z = 344.76589504
oc=[1, 2, 3, 6, 9, 10, 11], z = 363.103727852
oc=[1, 2, 3, 6, 9, 10], z = 395.5449028
oc=[1, 2, 3, 6, 9, 10, 11], z = 363.103727852
oc=[1, 2, 3, 5, 8, 9, 10, 11], z = 346.2975897189889
oc=[1, 2, 3, 4, 9, 10, 11], z = 352.08520025600006
oc=[1, 2, 3, 4, 9, 10], z = 384.57361840000004
oc=[1, 2, 3, 4, 9, 10, 11], z = 352.08520025600006
oc=[1, 4, 8, 9, 10], z = 379.9000000000001
oc=[1, 2, 9, 10, 11], z = 369.5656
oc=[3, 4, 6, 7, 9, 10, 12], z = 405.3156
oc=[2, 3, 4, 7, 8, 9, 12, 13], z = 377.014712
oc=[1, 3, 5, 7, 8, 9, 10, 12], z = 388.7036236480001
oc=[1, 6, 8, 9, 10], z = 383.14
oc=[1, 4, 9, 11, 12, 13], z = 359.94000000000005
oc=[1, 4, 9, 12, 13], z = 390.88
oc=[1, 4, 9, 11, 12, 13], z = 359.94000000000005
oc=[1, 5, 9, 11, 12, 13], z = 347.72287936
oc=[1, 5, 9, 12, 13], z = 375.524384
oc=[1, 5, 9, 12, 13], z = 375.524384
oc=[1, 4, 5, 6, 8, 9, 10], z = 360.15957458944007
oc=[1, 5, 6, 8, 9, 10, 11], z = 348.9672599296
oc=[1, 5, 6, 8, 9, 10], z = 373.79007744
oc=[1, 5, 6, 8, 9, 10, 11], z = 348.9672599296
oc=[9, 10, 11, 1], z = 369.5656
oc=[1, 2, 4, 6, 8, 9, 10], z = 380.6066879999999
oc=[2, 3, 4, 6, 7, 8, 9, 10, 11, 12], z = 352.3221548744858
oc=[2, 3, 4, 6, 7, 8, 9, 10, 12], z = 387.31251792000006
oc=[2, 3, 4, 6, 7, 8, 9, 10, 11, 12], z = 352.3221548744858
oc=[2, 3, 5, 6, 7, 8, 9, 10, 11, 12], z = 349.6054151053285
oc=[2, 3, 5, 6, 7, 8, 9, 10, 12], z = 384.62497936
oc=[2, 3, 5, 6, 7, 8, 9, 10, 12], z = 384.62497936
oc=[1, 2, 3, 4, 5, 6, 7, 9, 10, 12], z = 352.2430894689493
oc=[1, 2, 3, 7, 8, 9, 10, 11, 12], z = 368.19434919570875
oc=[1, 2, 3, 7, 8, 9, 10, 12], z = 412.67485067232
oc=[1, 2, 3, 7, 8, 9, 10, 11, 12], z = 368.19434919570875
oc=[1, 4, 5, 6, 9, 10], z = 355.25110528000005
oc=[1, 5, 6, 9, 10, 11], z = 345.88095424000005
oc=[1, 6, 8, 9, 10, 11], z = 358.24822399999994
oc=[1, 6, 8, 9, 10], z = 383.14
oc=[1, 6, 8, 9, 10], z = 383.14
oc=[8, 9, 10, 1], z = 397.38
oc=[1, 2, 4, 9, 10], z = 376.9168
oc=[4, 8, 9, 11, 12, 13], z = 353.3296
oc=[4, 8, 9, 12, 13], z = 378.1544
oc=[4, 8, 9, 12, 13], z = 378.1544
oc=[1, 2, 3, 5, 6, 7, 8, 9, 10, 11, 12], z = 355.29395353158577
oc=[1, 2, 4, 5, 6, 7, 9, 10, 11, 12], z = 313.67485638748576
oc=[1, 2, 3, 5, 6, 7, 9, 10, 11, 12], z = 347.9425029120918
oc=[1, 2, 3, 5, 6, 7, 9, 10, 12], z = 390.2847420418657
oc=[1, 2, 3, 5, 6, 7, 9, 10, 11, 12], z = 347.9425029120918
oc=[1, 2, 3, 4, 6, 7, 8, 9, 10, 11, 12], z = 362.6874069470982
oc=[1, 2, 3, 6, 7, 9, 10, 11, 12], z = 360.52224255527125
oc=[1, 2, 3, 6, 7, 9, 10, 12], z = 407.78517034888006
oc=[1, 2, 3, 6, 7, 9, 10, 11, 12], z = 360.52224255527125
oc=[2, 3, 5, 6, 7, 8, 9, 10], z = 377.77057936
oc=[3, 5, 7, 9, 10], z = 378.67400000000004
oc=[1, 2, 6, 7, 9, 10, 11], z = 360.548636
oc=[1, 3, 4, 7, 8, 9, 10, 11], z = 373.72298561024
oc=[2, 3, 4, 5, 7, 8, 9, 10], z = 341.81618496
oc=[2, 3, 4, 7, 9, 10], z = 375.00200000000007
oc=[1, 2, 3, 4, 6, 7, 9, 10], z = 395.62117586791044
oc=[2, 3, 6, 7, 9, 10], z = 390.593036
oc=[2, 3, 4, 5, 6, 7, 8, 9, 12, 13], z = 356.03413368143646
oc=[2, 3, 5, 6, 7, 9, 11, 12, 13], z = 353.75992604454404
oc=[2, 3, 5, 6, 7, 9, 12, 13], z = 384.64024748159994
oc=[2, 3, 5, 6, 7, 9, 12, 13], z = 384.64024748159994
oc=[2, 3, 4, 5, 7, 9, 12, 13], z = 348.27053151886787
oc=[2, 3, 6, 7, 8, 9, 11, 12, 13], z = 367.07175952000006
oc=[2, 3, 6, 7, 8, 9, 12, 13], z = 392.605748
oc=[2, 3, 6, 7, 8, 9, 11, 12, 13], z = 367.07175952000006
oc=[1, 4, 5, 6, 8, 9, 10, 11], z = 335.51260924320763
oc=[1, 4, 5, 6, 8, 9, 10], z = 360.15957458944007
oc=[1, 4, 5, 6, 8, 9, 10], z = 360.15957458944007
oc=[1, 4, 6, 9, 10, 11], z = 357.4968
oc=[1, 4, 6, 9, 10], z = 390.11119999999994
oc=[1, 4, 6, 9, 10, 11], z = 357.4968
oc=[1, 2, 3, 5, 6, 8, 9, 10, 11], z = 352.86038567662797
oc=[1, 2, 3, 5, 6, 8, 9, 10], z = 377.57504423616
oc=[1, 2, 3, 5, 6, 8, 9, 10], z = 377.57504423616
oc=[1, 2, 3, 4, 5, 8, 9, 10, 11], z = 321.0350774968577
oc=[1, 2, 3, 4, 5, 8, 9, 10], z = 345.67366562432
oc=[1, 2, 3, 4, 5, 8, 9, 10, 11], z = 321.0350774968577
oc=[3, 5, 6, 7, 8, 9, 10], z = 382.97072703999993
oc=[2, 3, 7, 8, 9, 11, 12, 13], z = 376.74392351999995
oc=[1, 4, 8, 9, 10, 11], z = 355.00822400000004
oc=[1, 5, 8, 9, 10, 11], z = 343.084308096
oc=[1, 5, 8, 9, 10], z = 367.8022144
oc=[1, 5, 8, 9, 10], z = 367.8022144
oc=[2, 3, 4, 5, 6, 7, 9, 10], z = 344.18391291520004
oc=[2, 3, 5, 6, 7, 9, 10, 11], z = 349.93836816
oc=[2, 3, 5, 6, 7, 9, 10], z = 382.22860432
oc=[2, 3, 5, 6, 7, 9, 10], z = 382.22860432
oc=[2, 3, 4, 5, 7, 9, 10], z = 343.50732095999996
oc=[2, 3, 7, 8, 9, 10], z = 395.46520000000004
oc=[1, 3, 4, 7, 9, 10], z = 403.2768184
oc=[1, 2, 8, 9, 10], z = 397.38000000000005
oc=[3, 5, 7, 9, 10], z = 378.67400000000004
oc=[1, 4, 8, 9, 12, 13], z = 387.6544
oc=[1, 8, 9, 10, 11], z = 372.48822400000006
oc=[8, 9, 10, 1], z = 397.38
oc=[8, 9, 10, 1], z = 397.38
oc=[2, 3, 5, 7, 8, 9, 10, 11], z = 346.46067775999995
oc=[2, 3, 5, 7, 8, 9, 10], z = 371.234576
oc=[2, 3, 5, 7, 8, 9, 10], z = 371.234576
oc=[3, 5, 6, 7, 8, 9, 11, 12, 13], z = 364.2634634289817
oc=[3, 5, 6, 7, 9, 12, 13], z = 389.8403951616
oc=[1, 4, 7, 9, 11, 12, 13], z = 370.86
oc=[2, 3, 5, 6, 7, 8, 9, 10], z = 377.77057936
oc=[4, 5, 8, 9, 11, 12, 13], z = 324.7051216384
oc=[4, 5, 8, 9, 12, 13], z = 349.4603737599999
oc=[4, 5, 8, 9, 11, 12, 13], z = 324.7051216384
oc=[4, 6, 9, 11, 12, 13], z = 355.8512
oc=[4, 6, 9, 12, 13], z = 386.7912
oc=[4, 6, 9, 11, 12, 13], z = 355.8512
oc=[2, 3, 7, 8, 9, 10, 11], z = 370.573424
oc=[2, 3, 7, 8, 9, 10], z = 395.46520000000004
oc=[2, 3, 7, 8, 9, 10, 11], z = 370.573424
oc=[3, 7, 9, 12, 13], z = 412.651
oc=[3, 4, 5, 6, 8, 9, 10, 11], z = 334.3676783421645
oc=[3, 4, 5, 6, 8, 9, 10], z = 359.0247894272
oc=[3, 4, 5, 6, 8, 9, 10], z = 359.0247894272
oc=[1, 6, 8, 9, 11, 12, 13], z = 366.06960000000004
oc=[1, 2, 6, 9, 10], z = 387.94
oc=[1, 2, 3, 4, 6, 7, 8, 9, 10], z = 390.8232898379164
oc=[3, 4, 5, 7, 8, 9, 10], z = 359.50286400000005
oc=[3, 6, 7, 9, 10], z = 396.28999999999996
oc=[9, 10, 3, 7], z = 410.53
oc=[1, 4, 8, 9, 11, 12, 13], z = 362.8296
oc=[1, 4, 8, 9, 12, 13], z = 387.6544
oc=[1, 4, 8, 9, 11, 12, 13], z = 362.8296
oc=[1, 5, 6, 8, 9, 11, 12, 13], z = 356.7932031034112
oc=[1, 5, 6, 8, 9, 12, 13], z = 381.59522381567996
oc=[1, 5, 6, 8, 9, 12, 13], z = 381.59522381567996
oc=[2, 3, 7, 9, 11, 12, 13], z = 371.4462
oc=[2, 3, 7, 9, 12, 13], z = 402.3862
oc=[2, 3, 7, 9, 12, 13], z = 402.3862
oc=[1, 4, 5, 8, 9, 11, 12, 13], z = 333.4304639744
oc=[1, 4, 5, 8, 9, 12, 13], z = 358.12972416
oc=[1, 4, 5, 8, 9, 12, 13], z = 358.12972416
oc=[1, 4, 5, 9, 11, 12, 13], z = 330.24287936
oc=[1, 4, 5, 9, 12, 13], z = 358.04438400000004
oc=[1, 4, 5, 9, 12, 13], z = 358.04438400000004
oc=[1, 8, 9, 11, 12, 13], z = 380.30960000000005
oc=[1, 8, 9, 12, 13], z = 405.1344
oc=[1, 8, 9, 12, 13], z = 405.1344
oc=[1, 5, 8, 9, 11, 12, 13], z = 350.9104639744
oc=[1, 5, 8, 9, 12, 13], z = 375.60972416
oc=[1, 5, 8, 9, 11, 12, 13], z = 350.9104639744
oc=[2, 3, 4, 6, 7, 8, 9, 10], z = 380.45811792000006
oc=[2, 3, 4, 9, 10, 11], z = 341.73240000000004
oc=[2, 3, 4, 9, 10], z = 374.34680000000003
oc=[2, 3, 4, 9, 10], z = 374.34680000000003
oc=[1, 2, 5, 6, 8, 9, 10], z = 373.79007744
oc=[1, 3, 4, 7, 8, 9, 10, 11], z = 373.72298561024
oc=[2, 3, 4, 5, 9, 10, 11], z = 312.823344
oc=[2, 3, 4, 5, 9, 10], z = 342.49080000000004
oc=[2, 3, 4, 5, 9, 10], z = 342.49080000000004
oc=[3, 5, 6, 7, 9, 10, 11], z = 355.13851583999997
oc=[3, 4, 5, 7, 8, 9, 10, 11], z = 334.72896576000005
oc=[3, 4, 6, 7, 9, 10, 11], z = 365.8468000000001
oc=[3, 6, 7, 9, 10, 11], z = 363.6756
oc=[3, 6, 7, 9, 10], z = 396.28999999999996
oc=[3, 6, 7, 9, 10, 11], z = 363.6756
oc=[3, 7, 8, 9, 10], z = 405.72999999999996
oc=[3, 5, 7, 8, 9, 10, 11], z = 352.20896575999996
oc=[3, 5, 7, 8, 9, 10], z = 376.98286399999995
oc=[3, 5, 7, 8, 9, 10], z = 376.98286399999995
oc=[3, 6, 7, 8, 9, 10], z = 391.49
oc=[3, 7, 8, 9, 10, 11], z = 380.83822399999997
oc=[3, 7, 8, 9, 10], z = 405.72999999999996
oc=[3, 7, 8, 9, 10, 11], z = 380.83822399999997
oc=[3, 4, 7, 9, 11, 12, 13], z = 364.23100000000005
oc=[3, 4, 6, 7, 8, 9, 11, 12, 13], z = 374.9399235200001
oc=[3, 4, 6, 7, 8, 9, 12, 13], z = 400.47391200000004
oc=[3, 4, 6, 7, 8, 9, 12, 13], z = 400.47391200000004
oc=[3, 4, 7, 8, 9, 12, 13], z = 395.06271200000003
oc=[1, 4, 8, 9, 10, 11], z = 355.00822400000004
oc=[1, 4, 8, 9, 10], z = 379.9000000000001
oc=[1, 4, 8, 9, 10, 11], z = 355.00822400000004
oc=[1, 2, 3, 6, 7, 9, 10], z = 400.93077034888006
oc=[1, 2, 4, 9, 10, 11], z = 344.30240000000003
oc=[1, 2, 8, 9, 10], z = 397.38000000000005
oc=[2, 3, 6, 7, 8, 9, 10, 11], z = 360.9012600000001
oc=[2, 3, 6, 7, 8, 9, 10], z = 385.79303600000003
oc=[2, 3, 6, 7, 8, 9, 10], z = 385.79303600000003
oc=[1, 2, 4, 5, 7, 9, 11, 12, 13], z = 323.47620032000003
oc=[1, 2, 4, 5, 7, 9, 12, 13], z = 351.27770495999994
oc=[1, 2, 4, 5, 7, 9, 12, 13], z = 351.27770495999994
oc=[1, 2, 4, 6, 8, 9, 10], z = 380.6066879999999
oc=[1, 6, 7, 8, 9, 12, 13], z = 401.8144
oc=[3, 4, 6, 7, 8, 9, 10, 11], z = 368.7694240000001
oc=[2, 3, 4, 7, 8, 9, 10, 11], z = 345.31022399999995
oc=[2, 3, 4, 7, 8, 9, 10], z = 370.20199999999994
oc=[2, 3, 4, 7, 8, 9, 10, 11], z = 345.31022399999995
oc=[1, 3, 4, 6, 7, 9, 10], z = 408.811231424
oc=[2, 3, 5, 6, 7, 8, 9, 11, 12, 13], z = 359.0633157489818
oc=[2, 3, 5, 6, 7, 8, 9, 12, 13], z = 384.59491708646397
oc=[2, 3, 5, 6, 7, 8, 9, 11, 12, 13], z = 359.0633157489818
oc=[5, 7, 8, 9, 11, 12, 13], z = 353.1051216384
oc=[2, 3, 5, 7, 9, 11, 12, 13], z = 347.29145495039995
oc=[2, 3, 5, 7, 9, 12, 13], z = 377.68892256
oc=[2, 3, 5, 7, 9, 11, 12, 13], z = 347.29145495039995
oc=[2, 3, 4, 5, 7, 9, 11, 12, 13], z = 317.8730639102981
oc=[2, 3, 4, 5, 7, 9, 12, 13], z = 348.27053151886787
oc=[2, 3, 4, 5, 7, 9, 12, 13], z = 348.27053151886787
oc=[1, 2, 3, 4, 7, 8, 9, 13], z = 366.6388025456557
oc=[3, 7, 8, 9, 13], z = 404.14271199999996
oc=[1, 3, 6, 7, 8, 9, 13], z = 387.1523542988801
oc=[2, 3, 4, 5, 6, 7, 8, 9, 11, 13], z = 322.25905434977227
oc=[2, 3, 4, 5, 6, 7, 9, 13], z = 341.7113833116773
oc=[4, 5, 7, 8, 9, 11, 13], z = 327.22512163839997
oc=[6, 7, 9, 11, 12, 13], z = 364.6000000000001
oc=[2, 3, 4, 5, 6, 7, 8, 9, 11, 12, 13], z = 330.6590543497747
oc=[2, 3, 4, 5, 6, 7, 8, 9, 12, 13], z = 356.03413368143646
oc=[2, 3, 4, 5, 6, 7, 8, 9, 12, 13], z = 356.03413368143646
oc=[2, 3, 6, 7, 9, 11, 12, 13], z = 361.774036
oc=[2, 3, 6, 7, 9, 12, 13], z = 392.7140360000001
oc=[2, 3, 6, 7, 9, 12, 13], z = 392.7140360000001
oc=[3, 4, 5, 6, 7, 8, 9, 11, 12, 13], z = 351.525503704451
oc=[3, 4, 5, 6, 7, 8, 9, 12, 13], z = 376.90624125837303
oc=[3, 4, 5, 6, 7, 8, 9, 11, 12, 13], z = 351.525503704451
oc=[3, 7, 9, 11, 12, 13], z = 381.711
oc=[3, 7, 9, 12, 13], z = 412.651
oc=[3, 7, 9, 11, 12, 13], z = 381.711
oc=[3, 5, 6, 7, 9, 11, 12, 13], z = 358.9600737245439
oc=[3, 6, 7, 8, 9, 11, 12, 13], z = 372.76872352
oc=[3, 6, 7, 8, 9, 12, 13], z = 398.30271199999993
oc=[3, 6, 7, 8, 9, 11, 12, 13], z = 372.76872352
oc=[3, 5, 6, 7, 8, 9, 11, 12, 13], z = 364.2634634289817
oc=[3, 5, 6, 7, 8, 9, 12, 13], z = 389.7950647664639
oc=[3, 5, 6, 7, 8, 9, 11, 12, 13], z = 364.2634634289817
oc=[3, 4, 5, 6, 7, 9, 11, 12, 13], z = 344.6392342112743
oc=[2, 3, 4, 5, 7, 8, 9, 11, 13], z = 314.8222981979905
oc=[5, 6, 7, 8, 9, 11, 12, 13], z = 358.98381938022396
oc=[3, 7, 8, 9, 11, 12, 13], z = 387.00872352
oc=[3, 7, 8, 9, 12, 13], z = 412.54271199999994
oc=[3, 7, 8, 9, 12, 13], z = 412.54271199999994
oc=[1, 2, 4, 8, 9, 10], z = 372.1168
oc=[2, 3, 4, 6, 7, 8, 9, 10, 11], z = 355.56634192
oc=[2, 3, 4, 6, 7, 8, 9, 10], z = 380.45811792000006
oc=[2, 3, 4, 6, 7, 8, 9, 10], z = 380.45811792000006
oc=[3, 4, 5, 7, 8, 9, 10, 11], z = 334.72896576000005
oc=[3, 4, 5, 7, 8, 9, 10], z = 359.50286400000005
oc=[3, 4, 5, 7, 8, 9, 10, 11], z = 334.72896576000005
oc=[3, 4, 5, 6, 7, 9, 10, 11], z = 339.1606881541121
oc=[3, 4, 5, 6, 7, 9, 10], z = 365.90846528
oc=[3, 4, 5, 6, 7, 9, 10, 11], z = 339.1606881541121
oc=[3, 6, 7, 8, 9, 10, 11], z = 366.59822399999996
oc=[3, 6, 7, 8, 9, 10], z = 391.49
oc=[3, 6, 7, 8, 9, 10], z = 391.49
oc=[1, 6, 7, 9, 10, 11], z = 366.24559999999997
oc=[2, 3, 4, 6, 7, 9, 11, 12, 13], z = 356.43911792000006
oc=[2, 3, 4, 6, 7, 9, 12, 13], z = 387.37911792
oc=[2, 3, 4, 6, 7, 9, 11, 12, 13], z = 356.43911792000006
oc=[1, 2, 6, 8, 9, 10, 11], z = 358.24822400000005
oc=[1, 2, 6, 8, 9, 10], z = 383.14
oc=[1, 2, 6, 8, 9, 10], z = 383.14
oc=[3, 4, 5, 7, 8, 9, 11, 12, 13], z = 340.90897723801606
oc=[3, 4, 5, 7, 8, 9, 12, 13], z = 366.4212644224001
oc=[3, 4, 5, 7, 8, 9, 12, 13], z = 366.4212644224001
oc=[1, 2, 4, 5, 7, 9, 10], z = 343.76996095999993
oc=[1, 2, 3, 5, 7, 8, 9, 10], z = 376.1080410246784
oc=[1, 3, 5, 7, 8, 9, 10], z = 381.849223648
oc=[1, 2, 5, 8, 9, 10, 11], z = 343.08430809600003
oc=[1, 2, 5, 8, 9, 10], z = 367.80221439999997
oc=[1, 2, 5, 8, 9, 10], z = 367.80221439999997
oc=[3, 4, 6, 7, 8, 9, 10, 11], z = 368.7694240000001
oc=[3, 4, 6, 7, 8, 9, 10], z = 393.6612
oc=[3, 4, 6, 7, 8, 9, 10], z = 393.6612
oc=[1, 2, 4, 9, 11, 12, 13], z = 352.1568
oc=[1, 2, 4, 9, 12, 13], z = 383.09680000000003
oc=[1, 2, 4, 9, 12, 13], z = 383.09680000000003
oc=[1, 2, 4, 5, 9, 11, 12, 13], z = 322.45967936
oc=[1, 2, 4, 5, 9, 12, 13], z = 350.26118400000007
oc=[1, 2, 4, 5, 9, 11, 12, 13], z = 322.45967936
oc=[2, 3, 5, 6, 7, 8, 9, 10, 11], z = 352.89176991359994
oc=[2, 3, 5, 6, 7, 8, 9, 10], z = 377.77057936
oc=[2, 3, 5, 6, 7, 8, 9, 10], z = 377.77057936
oc=[1, 6, 7, 9, 11, 12, 13], z = 374.1
oc=[1, 2, 3, 5, 6, 7, 9, 10], z = 383.4303420418657
oc=[9, 10, 2, 1], z = 402.18
oc=[2, 3, 4, 7, 8, 9, 11, 12, 13], z = 351.48072351999997
oc=[2, 3, 4, 7, 8, 9, 12, 13], z = 377.014712
oc=[2, 3, 4, 7, 8, 9, 11, 12, 13], z = 351.48072351999997
oc=[2, 3, 5, 7, 8, 9, 11, 12, 13], z = 352.64068923801597
oc=[2, 3, 5, 7, 8, 9, 12, 13], z = 378.1529764224
oc=[2, 3, 5, 7, 8, 9, 11, 12, 13], z = 352.64068923801597
oc=[1, 3, 5, 7, 9, 10, 11], z = 353.56053017472004
oc=[1, 3, 6, 7, 8, 9, 10], z = 401.8476457120001
oc=[1, 3, 5, 7, 8, 9, 10], z = 381.849223648
oc=[1, 2, 3, 4, 6, 7, 8, 9, 10], z = 390.8232898379164
oc=[3, 5, 6, 7, 8, 9, 10, 11], z = 358.0919175935999
oc=[3, 5, 6, 7, 8, 9, 10], z = 382.97072703999993
oc=[3, 5, 6, 7, 8, 9, 10, 11], z = 358.0919175935999
oc=[3, 4, 5, 6, 7, 8, 9, 10, 11], z = 345.28767834216444
oc=[3, 4, 5, 6, 7, 8, 9, 10], z = 369.9447894271999
oc=[3, 4, 5, 6, 7, 8, 9, 10], z = 369.9447894271999
oc=[1, 2, 4, 5, 6, 8, 9, 10, 11], z = 324.9041746022503
oc=[1, 2, 4, 5, 6, 8, 9, 10], z = 349.54522295644165
oc=[1, 2, 4, 5, 6, 8, 9, 10, 11], z = 324.9041746022503
oc=[1, 2, 4, 5, 6, 9, 10, 11], z = 318.104582185216
oc=[1, 2, 5, 6, 8, 9, 10, 11], z = 348.9672599296
oc=[1, 2, 5, 6, 8, 9, 10], z = 373.79007744
oc=[1, 2, 5, 6, 8, 9, 10, 11], z = 348.9672599296
oc=[1, 2, 6, 9, 10, 11], z = 355.3256
oc=[1, 2, 4, 6, 8, 9, 10, 11], z = 355.714912
oc=[1, 2, 4, 6, 8, 9, 10], z = 380.6066879999999
oc=[1, 2, 4, 6, 8, 9, 10, 11], z = 355.714912
oc=[1, 2, 4, 6, 9, 10, 11], z = 352.792288
oc=[1, 2, 4, 6, 9, 10], z = 385.40668800000003
oc=[1, 2, 4, 6, 9, 10], z = 385.40668800000003
oc=[1, 2, 4, 5, 6, 9, 10, 11], z = 318.104582185216
oc=[1, 2, 4, 5, 6, 9, 10], z = 344.45079103999996
oc=[1, 2, 4, 5, 6, 9, 10, 11], z = 318.104582185216
oc=[1, 2, 6, 9, 10, 11], z = 355.3256
oc=[1, 2, 6, 9, 10], z = 387.94
oc=[1, 2, 6, 9, 10], z = 387.94
oc=[1, 2, 9, 10, 11], z = 369.5656
oc=[9, 10, 2, 1], z = 402.18
oc=[9, 10, 2, 1], z = 402.18
oc=[1, 2, 5, 6, 9, 10, 11], z = 345.88095423999994
oc=[1, 2, 5, 6, 9, 10], z = 376.77139199999993
oc=[1, 2, 5, 6, 9, 10, 11], z = 345.88095423999994
oc=[1, 2, 4, 8, 9, 10, 11], z = 347.2250240000001
oc=[1, 2, 4, 8, 9, 10], z = 372.1168
oc=[1, 2, 4, 8, 9, 10, 11], z = 347.2250240000001
oc=[1, 2, 8, 9, 10, 11], z = 372.48822400000006
oc=[1, 2, 8, 9, 10], z = 397.38000000000005
oc=[1, 2, 8, 9, 10], z = 397.38000000000005
oc=[2, 3, 4, 5, 6, 7, 8, 9, 10, 11], z = 324.42127124304795
oc=[2, 3, 4, 5, 6, 7, 8, 9, 10], z = 349.0691628655514
oc=[2, 3, 4, 5, 6, 7, 8, 9, 10], z = 349.0691628655514
oc=[2, 3, 5, 7, 9, 10], z = 372.925712
oc=[2, 3, 6, 7, 9, 10, 11], z = 357.97863600000005
oc=[2, 3, 6, 7, 9, 10], z = 390.593036
oc=[2, 3, 6, 7, 9, 10, 11], z = 357.97863600000005
oc=[2, 3, 5, 7, 9, 10, 11], z = 343.25825599999996
oc=[2, 3, 5, 7, 9, 10], z = 372.925712
oc=[2, 3, 5, 7, 9, 10, 11], z = 343.25825599999996
oc=[1, 3, 4, 6, 7, 8, 9, 10], z = 404.02585085696
oc=[1, 2, 4, 5, 8, 9, 10, 11], z = 317.821108096
oc=[1, 2, 4, 5, 8, 9, 10], z = 342.5390144
oc=[1, 2, 4, 5, 8, 9, 10, 11], z = 317.821108096
oc=[2, 3, 7, 9, 10, 11], z = 367.6508
oc=[2, 3, 7, 9, 10], z = 400.2652
oc=[2, 3, 7, 9, 10, 11], z = 367.6508
oc=[3, 5, 6, 7, 9, 10, 11], z = 355.13851583999997
oc=[3, 5, 6, 7, 9, 10], z = 387.428752
oc=[3, 5, 6, 7, 9, 10], z = 387.428752
oc=[1, 4, 5, 7, 8, 9, 11, 12, 13], z = 344.3504639744
oc=[1, 7, 9, 11, 12, 13], z = 388.3399999999999
oc=[1, 4, 6, 7, 9, 12, 13], z = 407.21119999999996
oc=[1, 2, 3, 4, 5, 7, 9, 10], z = 344.70995952135684
oc=[1, 2, 5, 7, 8, 9, 10, 11], z = 348.25602009600004
oc=[1, 2, 3, 4, 5, 7, 8, 9, 10], z = 346.69075501445434
oc=[1, 2, 3, 7, 9, 10, 11], z = 377.99353901272
oc=[1, 2, 3, 5, 7, 8, 9, 10], z = 376.1080410246784
oc=[1, 2, 3, 4, 7, 9, 10], z = 385.34724134464
oc=[1, 2, 3, 5, 6, 7, 8, 9, 10, 11], z = 358.5803083398571
oc=[1, 2, 5, 6, 7, 9, 10], z = 382.49124431999996
oc=[1, 2, 4, 7, 9, 10, 11], z = 344.95759999999996
oc=[1, 2, 3, 5, 6, 7, 9, 10, 11], z = 355.2260968484271
oc=[1, 2, 3, 4, 5, 6, 7, 8, 9, 10, 11], z = 327.00995507509344
oc=[1, 2, 6, 7, 8, 9, 10, 11], z = 363.47126000000003
oc=[1, 2, 3, 4, 5, 6, 7, 9, 10], z = 345.38868946894917
oc=[1, 2, 3, 6, 7, 8, 9, 10, 11], z = 371.26642090765597
oc=[1, 2, 3, 6, 7, 8, 9, 10], z = 396.15719497395526
oc=[1, 2, 3, 6, 7, 8, 9, 10], z = 396.15719497395526
oc=[1, 2, 3, 5, 6, 7, 8, 9, 10, 11], z = 358.5803083398571
oc=[1, 2, 3, 5, 6, 7, 8, 9, 10], z = 383.2956781475947
oc=[1, 2, 3, 5, 6, 7, 8, 9, 10], z = 383.2956781475947
oc=[1, 2, 3, 5, 7, 8, 9, 10, 11], z = 351.4699412028899
oc=[1, 2, 3, 5, 7, 8, 9, 10], z = 376.1080410246784
oc=[1, 2, 3, 5, 7, 8, 9, 10, 11], z = 351.4699412028899
oc=[1, 2, 3, 5, 6, 7, 9, 10, 11], z = 355.2260968484271
oc=[1, 2, 3, 5, 6, 7, 9, 10], z = 383.4303420418657
oc=[1, 2, 3, 5, 6, 7, 9, 10, 11], z = 355.2260968484271
oc=[1, 7, 8, 9, 10, 11], z = 383.408224
oc=[1, 2, 7, 9, 10, 11], z = 370.22080000000005
oc=[1, 2, 4, 7, 9, 10, 11], z = 344.95759999999996
oc=[1, 2, 3, 7, 8, 9, 10, 11], z = 380.93778316050873
oc=[1, 2, 3, 7, 8, 9, 10], z = 405.82045067231996
oc=[1, 2, 3, 7, 8, 9, 10], z = 405.82045067231996
oc=[1, 2, 5, 7, 9, 10, 11], z = 344.9206944
oc=[1, 2, 5, 7, 9, 10], z = 373.18835199999995
oc=[1, 2, 5, 7, 9, 10, 11], z = 344.9206944
oc=[1, 2, 3, 4, 6, 7, 9, 10, 11], z = 363.00877973531203
oc=[1, 2, 3, 4, 6, 7, 9, 10], z = 395.62117586791044
oc=[1, 2, 3, 4, 6, 7, 9, 10], z = 395.62117586791044
oc=[1, 2, 3, 4, 5, 6, 7, 9, 10, 11], z = 319.53908284469435
oc=[1, 2, 3, 4, 5, 6, 7, 9, 10], z = 345.38868946894917
oc=[1, 2, 3, 4, 5, 6, 7, 9, 10], z = 345.38868946894917
oc=[1, 2, 3, 4, 7, 8, 9, 10, 11], z = 355.6754119328407
oc=[1, 2, 3, 4, 7, 8, 9, 10], z = 380.56645925378564
oc=[1, 2, 3, 4, 7, 8, 9, 10], z = 380.56645925378564
oc=[1, 3, 4, 5, 7, 8, 9, 10], z = 364.3768656243201
oc=[1, 3, 5, 7, 9, 10], z = 379.6713784
oc=[1, 3, 4, 7, 9, 10], z = 403.2768184
oc=[1, 2, 3, 4, 5, 7, 8, 9, 10, 11], z = 322.05164961554965
oc=[1, 2, 3, 4, 5, 7, 8, 9, 10], z = 346.69075501445434
oc=[1, 2, 3, 4, 5, 7, 8, 9, 10, 11], z = 322.05164961554965
oc=[3, 5, 7, 8, 9, 11, 12, 13], z = 358.388977238016
oc=[3, 5, 7, 8, 9, 12, 13], z = 383.9012644224
oc=[3, 5, 7, 8, 9, 11, 12, 13], z = 358.388977238016
oc=[3, 4, 7, 8, 9, 11, 12, 13], z = 369.5287235200001
oc=[3, 4, 7, 8, 9, 12, 13], z = 395.06271200000003
oc=[3, 4, 7, 8, 9, 11, 12, 13], z = 369.5287235200001
oc=[1, 3, 6, 7, 9, 10], z = 406.4649028
oc=[1, 4, 5, 7, 9, 12, 13], z = 368.964384
oc=[1, 3, 7, 9, 10, 11], z = 388.1251132
oc=[1, 3, 7, 9, 10], z = 419.16474000000005
oc=[1, 3, 7, 9, 10], z = 419.16474000000005
oc=[1, 2, 3, 4, 5, 6, 7, 8, 9, 10, 11], z = 327.00995507509344
oc=[1, 2, 3, 4, 5, 6, 7, 8, 9, 10], z = 351.63113934006344
oc=[1, 2, 3, 4, 5, 6, 7, 8, 9, 10], z = 351.63113934006344
oc=[1, 2, 5, 7, 8, 9, 10, 11], z = 348.25602009600004
oc=[1, 4, 6, 8, 9, 10, 11], z = 360.419424
oc=[1, 4, 6, 8, 9, 10], z = 385.3112
oc=[1, 4, 6, 8, 9, 10, 11], z = 360.419424
oc=[1, 3, 7, 8, 9, 10, 11], z = 391.19725412800005
oc=[1, 3, 7, 8, 9, 10], z = 416.02603920000007
oc=[1, 3, 7, 8, 9, 10, 11], z = 391.19725412800005
oc=[1, 6, 7, 9, 11, 12, 13], z = 374.1
oc=[1, 6, 7, 9, 12, 13], z = 405.03999999999996
oc=[1, 6, 7, 9, 12, 13], z = 405.03999999999996
oc=[1, 3, 4, 6, 7, 9, 10, 11], z = 376.21068942816004
oc=[1, 3, 5, 6, 7, 8, 9, 10], z = 388.49504423615997
oc=[3, 5, 6, 7, 9, 11, 12, 13], z = 358.9600737245439
oc=[3, 5, 6, 7, 9, 12, 13], z = 389.8403951616
oc=[3, 5, 6, 7, 9, 11, 12, 13], z = 358.9600737245439
oc=[1, 3, 4, 5, 7, 9, 10, 11], z = 336.09772462144
oc=[1, 3, 4, 5, 7, 9, 10], z = 362.382427808
oc=[1, 3, 4, 5, 7, 9, 10], z = 362.382427808
oc=[1, 3, 5, 7, 8, 9, 10, 11], z = 357.21758971898885
oc=[1, 3, 5, 7, 8, 9, 10], z = 381.849223648
oc=[1, 3, 5, 7, 8, 9, 10], z = 381.849223648
oc=[1, 5, 7, 9, 11, 12, 13], z = 358.64287936000005
oc=[1, 5, 7, 9, 12, 13], z = 386.444384
oc=[1, 5, 7, 9, 12, 13], z = 386.444384
oc=[1, 3, 4, 5, 6, 7, 8, 9, 10, 11], z = 348.43947641920437
oc=[1, 3, 4, 5, 6, 7, 8, 9, 10], z = 373.06982324684805
oc=[1, 3, 4, 5, 6, 7, 8, 9, 10, 11], z = 348.43947641920437
oc=[1, 3, 5, 7, 9, 10, 11], z = 353.56053017472004
oc=[1, 3, 5, 7, 9, 10], z = 379.6713784
oc=[1, 3, 5, 7, 9, 10, 11], z = 353.56053017472004
oc=[1, 3, 5, 6, 7, 8, 9, 10, 11], z = 363.78038567662793
oc=[1, 3, 5, 6, 7, 8, 9, 10], z = 388.49504423615997
oc=[1, 3, 5, 6, 7, 8, 9, 10], z = 388.49504423615997
oc=[1, 3, 6, 7, 8, 9, 10, 11], z = 376.96279871408007
oc=[1, 3, 6, 7, 8, 9, 10], z = 401.8476457120001
oc=[1, 3, 6, 7, 8, 9, 10, 11], z = 376.96279871408007
oc=[1, 3, 4, 7, 9, 10, 11], z = 370.788400256
oc=[1, 3, 4, 7, 9, 10], z = 403.2768184
oc=[1, 3, 4, 7, 9, 10, 11], z = 370.788400256
oc=[1, 2, 7, 9, 10, 11], z = 370.22080000000005
oc=[1, 2, 7, 9, 10], z = 402.83520000000004
oc=[1, 2, 7, 9, 10], z = 402.83520000000004
oc=[1, 2, 5, 6, 7, 9, 10, 11], z = 351.60080655999997
oc=[1, 3, 4, 5, 7, 8, 9, 10, 11], z = 339.7382774968576
oc=[1, 3, 4, 5, 7, 8, 9, 10], z = 364.3768656243201
oc=[1, 3, 4, 5, 7, 8, 9, 10, 11], z = 339.7382774968576
oc=[3, 4, 6, 8, 9, 10, 11], z = 357.84942400000006
oc=[3, 4, 6, 8, 9, 10], z = 382.74120000000005
oc=[3, 4, 6, 8, 9, 10], z = 382.74120000000005
oc=[1, 4, 6, 7, 9, 11, 12, 13], z = 376.2712
oc=[1, 4, 6, 7, 9, 12, 13], z = 407.21119999999996
oc=[1, 4, 6, 7, 9, 12, 13], z = 407.21119999999996
oc=[1, 2, 4, 5, 6, 7, 9, 11, 12, 13], z = 326.03526356511315
oc=[1, 2, 4, 5, 6, 7, 9, 12, 13], z = 352.0441055193601
oc=[1, 2, 4, 5, 6, 7, 9, 12, 13], z = 352.0441055193601
oc=[1, 2, 4, 5, 6, 7, 9, 10, 11], z = 318.18290582269424
oc=[1, 3, 4, 6, 7, 8, 9, 10, 11], z = 379.1346291771265
oc=[1, 3, 4, 6, 7, 8, 9, 10], z = 404.02585085696
oc=[1, 3, 4, 6, 7, 8, 9, 10], z = 404.02585085696
oc=[1, 3, 6, 7, 9, 10, 11], z = 374.023727852
oc=[1, 3, 6, 7, 9, 10], z = 406.4649028
oc=[1, 3, 6, 7, 9, 10, 11], z = 374.023727852
oc=[1, 5, 7, 8, 9, 11, 12, 13], z = 361.8304639744
oc=[1, 4, 5, 7, 9, 11, 12, 13], z = 341.16287936000003
oc=[1, 4, 5, 7, 9, 12, 13], z = 368.964384
oc=[1, 4, 5, 7, 9, 12, 13], z = 368.964384
oc=[1, 5, 6, 7, 9, 11, 12, 13], z = 364.76953358527993
oc=[1, 5, 6, 7, 9, 12, 13], z = 395.140051392
oc=[1, 5, 6, 7, 9, 11, 12, 13], z = 364.76953358527993
oc=[1, 3, 4, 5, 6, 7, 9, 12, 13], z = 344.21641378685445
oc=[1, 4, 5, 6, 7, 9, 11, 12, 13], z = 347.53830347120635
oc=[1, 4, 5, 6, 7, 9, 12, 13], z = 373.76865788416
oc=[1, 4, 5, 6, 7, 9, 12, 13], z = 373.76865788416
oc=[1, 7, 9, 11, 12, 13], z = 388.3399999999999
oc=[1, 7, 9, 12, 13], z = 419.28
oc=[1, 7, 9, 12, 13], z = 419.28
oc=[1, 3, 4, 5, 6, 7, 9, 10, 11], z = 341.03300795978885
oc=[1, 3, 4, 5, 6, 7, 9, 10], z = 367.11167865088004
oc=[1, 3, 4, 5, 6, 7, 9, 10], z = 367.11167865088004
oc=[2, 9, 11, 12, 13], z = 367.91999999999996
oc=[9, 2, 12, 13], z = 398.86
oc=[9, 2, 12, 13], z = 398.86
oc=[2, 6, 9, 11, 12, 13], z = 353.68
oc=[2, 6, 9, 12, 13], z = 384.62
oc=[2, 6, 9, 11, 12, 13], z = 353.68
oc=[4, 6, 8, 9, 11, 12, 13], z = 358.7407999999999
oc=[4, 6, 8, 9, 12, 13], z = 383.56559999999996
oc=[4, 6, 8, 9, 11, 12, 13], z = 358.7407999999999
oc=[1, 4, 7, 8, 9, 11, 12, 13], z = 373.7496
oc=[1, 4, 7, 8, 9, 12, 13], z = 398.57439999999997
oc=[1, 4, 7, 8, 9, 11, 12, 13], z = 373.7496
oc=[1, 4, 5, 8, 9, 10, 11], z = 325.604308096
oc=[1, 4, 5, 8, 9, 10], z = 350.3222144
oc=[1, 4, 5, 8, 9, 10], z = 350.3222144
oc=[2, 3, 4, 5, 7, 8, 9, 10, 11], z = 317.04228672
oc=[2, 3, 4, 5, 7, 8, 9, 10], z = 341.81618496
oc=[2, 3, 4, 5, 7, 8, 9, 10, 11], z = 317.04228672
oc=[3, 4, 6, 7, 9, 10, 11], z = 365.8468000000001
oc=[3, 4, 6, 7, 9, 10], z = 398.4612000000001
oc=[3, 4, 6, 7, 9, 10, 11], z = 365.8468000000001
oc=[1, 4, 5, 7, 8, 9, 11, 12, 13], z = 344.3504639744
oc=[1, 4, 5, 7, 8, 9, 12, 13], z = 369.04972416000004
oc=[1, 4, 5, 7, 8, 9, 11, 12, 13], z = 344.3504639744
oc=[1, 4, 7, 9, 11, 12, 13], z = 370.86
oc=[1, 4, 7, 9, 12, 13], z = 401.80000000000007
oc=[1, 4, 7, 9, 11, 12, 13], z = 370.86
oc=[1, 7, 8, 9, 11, 12, 13], z = 391.22959999999995
oc=[1, 7, 8, 9, 12, 13], z = 416.05439999999993
oc=[1, 7, 8, 9, 12, 13], z = 416.05439999999993
oc=[1, 5, 7, 8, 9, 11, 12, 13], z = 361.8304639744
oc=[1, 5, 7, 8, 9, 12, 13], z = 386.52972416
oc=[1, 5, 7, 8, 9, 12, 13], z = 386.52972416
oc=[1, 4, 6, 7, 8, 9, 11, 12, 13], z = 379.1608
oc=[2, 4, 8, 9, 11, 12, 13], z = 345.5464
oc=[2, 4, 8, 9, 12, 13], z = 370.37120000000004
oc=[2, 4, 8, 9, 11, 12, 13], z = 345.5464
oc=[3, 4, 7, 8, 9, 10, 11], z = 363.35822400000006
oc=[3, 4, 7, 8, 9, 10], z = 388.25000000000006
oc=[3, 4, 7, 8, 9, 10, 11], z = 363.35822400000006
oc=[2, 3, 4, 5, 6, 7, 9, 10, 11], z = 317.66662235261424
oc=[2, 3, 4, 5, 6, 7, 9, 10], z = 344.18391291520004
oc=[2, 3, 4, 5, 6, 7, 9, 10, 11], z = 317.66662235261424
oc=[2, 3, 4, 7, 9, 11, 12, 13], z = 346.183
oc=[2, 3, 4, 7, 9, 12, 13], z = 377.12300000000005
oc=[2, 3, 4, 7, 9, 11, 12, 13], z = 346.183
oc=[1, 2, 3, 4, 6, 7, 8, 9, 10, 11], z = 365.9315939926124
oc=[1, 2, 3, 4, 6, 7, 8, 9, 10], z = 390.8232898379164
oc=[1, 2, 3, 4, 6, 7, 8, 9, 10], z = 390.8232898379164
oc=[1, 2, 3, 6, 7, 9, 10, 11], z = 368.3414186913992
oc=[1, 2, 3, 6, 7, 9, 10], z = 400.93077034888006
oc=[1, 2, 3, 6, 7, 9, 10], z = 400.93077034888006
oc=[1, 2, 3, 5, 7, 9, 10, 11], z = 347.82822927224646
oc=[1, 2, 3, 5, 7, 9, 10], z = 374.10072481696
oc=[1, 2, 3, 5, 7, 9, 10], z = 374.10072481696
oc=[1, 5, 6, 7, 8, 9, 11, 12, 13], z = 367.7132031034113
oc=[1, 5, 6, 7, 8, 9, 12, 13], z = 392.51522381568
oc=[1, 5, 6, 7, 8, 9, 11, 12, 13], z = 367.7132031034113
oc=[3, 4, 5, 6, 7, 9, 11, 12, 13], z = 344.6392342112743
oc=[3, 4, 5, 6, 7, 9, 12, 13], z = 371.7479610593281
oc=[3, 4, 5, 6, 7, 9, 12, 13], z = 371.7479610593281
oc=[3, 4, 6, 7, 9, 11, 12, 13], z = 369.64220000000006
oc=[3, 4, 6, 7, 9, 12, 13], z = 400.58220000000006
oc=[3, 4, 6, 7, 9, 11, 12, 13], z = 369.64220000000006
oc=[3, 5, 7, 9, 11, 12, 13], z = 353.0397429504
oc=[3, 5, 7, 9, 12, 13], z = 383.43721056
oc=[3, 5, 7, 9, 12, 13], z = 383.43721056
oc=[1, 2, 4, 7, 9, 11, 12, 13], z = 352.812
oc=[1, 2, 4, 7, 9, 12, 13], z = 383.75199999999995
oc=[1, 2, 4, 7, 9, 11, 12, 13], z = 352.812
oc=[1, 2, 5, 7, 8, 9, 11, 12, 13], z = 356.0821759744
oc=[1, 2, 5, 7, 8, 9, 12, 13], z = 380.78143616000006
oc=[1, 2, 5, 7, 8, 9, 12, 13], z = 380.78143616000006
oc=[1, 2, 6, 7, 8, 9, 11, 12, 13], z = 371.29263600000013
oc=[1, 2, 6, 7, 8, 9, 12, 13], z = 396.11743600000005
oc=[1, 2, 6, 7, 8, 9, 11, 12, 13], z = 371.29263600000013
oc=[1, 2, 7, 8, 9, 11, 12, 13], z = 380.9647999999999
oc=[1, 2, 7, 8, 9, 12, 13], z = 405.78960000000006
oc=[1, 2, 7, 8, 9, 12, 13], z = 405.78960000000006
oc=[1, 2, 5, 6, 7, 8, 9, 11, 12, 13], z = 362.5130554234112
oc=[1, 2, 5, 6, 7, 8, 9, 12, 13], z = 387.31507613568
oc=[1, 2, 5, 6, 7, 8, 9, 12, 13], z = 387.31507613568
oc=[1, 4, 6, 7, 8, 9, 11, 12, 13], z = 379.1608
oc=[1, 4, 6, 7, 8, 9, 12, 13], z = 403.9856000000001
oc=[1, 4, 6, 7, 8, 9, 12, 13], z = 403.9856000000001
oc=[3, 4, 5, 7, 9, 11, 12, 13], z = 335.55974295040005
oc=[3, 4, 5, 7, 9, 12, 13], z = 365.95721056
oc=[3, 4, 5, 7, 9, 11, 12, 13], z = 335.55974295040005
oc=[1, 2, 4, 7, 8, 9, 11, 12, 13], z = 355.7016
oc=[1, 2, 4, 7, 8, 9, 12, 13], z = 380.52639999999997
oc=[1, 2, 4, 7, 8, 9, 11, 12, 13], z = 355.7016
oc=[1, 2, 4, 5, 6, 7, 8, 9, 11, 12, 13], z = 333.3363502346733
oc=[1, 2, 4, 5, 6, 7, 8, 9, 12, 13], z = 357.9639039128433
oc=[1, 2, 4, 5, 6, 7, 8, 9, 12, 13], z = 357.9639039128433
oc=[1, 3, 4, 5, 7, 8, 9, 12, 13], z = 340.33073407123663
oc=[1, 6, 7, 8, 9, 11, 12, 13], z = 376.9896
oc=[1, 6, 7, 8, 9, 12, 13], z = 401.8144
oc=[1, 6, 7, 8, 9, 11, 12, 13], z = 376.9896
oc=[2, 3, 4, 5, 6, 7, 9, 11, 12, 13], z = 323.14411202078327
oc=[2, 3, 4, 5, 6, 7, 9, 12, 13], z = 350.11138331233116
oc=[2, 3, 4, 5, 6, 7, 9, 11, 12, 13], z = 323.14411202078327
oc=[2, 3, 4, 5, 7, 8, 9, 11, 12, 13], z = 323.2222981980119
oc=[2, 3, 4, 5, 7, 8, 9, 12, 13], z = 348.7345853823547
oc=[2, 3, 4, 5, 7, 8, 9, 11, 12, 13], z = 323.2222981980119
oc=[1, 3, 5, 6, 7, 9, 10, 11], z = 360.4244859476992
oc=[1, 3, 5, 6, 7, 9, 10], z = 388.610949936
oc=[1, 3, 5, 6, 7, 9, 10, 11], z = 360.4244859476992
oc=[1, 4, 5, 6, 7, 8, 9, 11, 12, 13], z = 354.25426251708836
oc=[1, 4, 5, 6, 7, 8, 9, 12, 13], z = 378.8906766936064
oc=[1, 4, 5, 6, 7, 8, 9, 11, 12, 13], z = 354.25426251708836
oc=[1, 3, 4, 7, 8, 9, 10, 11], z = 373.72298561024
oc=[1, 3, 4, 7, 8, 9, 10], z = 398.609722336
oc=[1, 3, 4, 7, 8, 9, 10], z = 398.609722336
oc=[1, 3, 4, 6, 7, 9, 10, 11], z = 376.21068942816004
oc=[1, 3, 4, 6, 7, 9, 10], z = 408.811231424
oc=[1, 3, 4, 6, 7, 9, 10, 11], z = 376.21068942816004
oc=[1, 6, 9, 10, 11], z = 355.3256
oc=[9, 10, 1, 6], z = 387.94
oc=[1, 6, 9, 10, 11], z = 355.3256
oc=[3, 4, 7, 9, 10], z = 393.05000000000007
oc=[1, 2, 3, 4, 7, 9, 10, 11], z = 352.7510583210176
oc=[1, 2, 3, 4, 7, 9, 10], z = 385.34724134464
oc=[1, 2, 3, 4, 7, 9, 10], z = 385.34724134464
oc=[3, 5, 7, 9, 10, 11], z = 349.006544
oc=[3, 5, 7, 9, 10], z = 378.67400000000004
oc=[3, 5, 7, 9, 10, 11], z = 349.006544
oc=[3, 4, 5, 7, 9, 10, 11], z = 331.52654400000006
oc=[3, 4, 5, 7, 9, 10], z = 361.1940000000001
oc=[3, 4, 5, 7, 9, 10, 11], z = 331.52654400000006
oc=[1, 2, 3, 7, 9, 10, 11], z = 377.99353901272
oc=[1, 2, 3, 7, 9, 10], z = 410.380226808
oc=[1, 2, 3, 7, 9, 10], z = 410.380226808
oc=[1, 2, 3, 4, 5, 7, 9, 10, 11], z = 318.4123245487426
oc=[1, 2, 3, 4, 5, 7, 9, 10], z = 344.70995952135684
oc=[1, 2, 3, 4, 5, 7, 9, 10], z = 344.70995952135684
oc=[2, 5, 6, 9, 11, 12, 13], z = 345.1560605056
oc=[2, 5, 6, 9, 12, 13], z = 375.90480384
oc=[2, 5, 6, 9, 11, 12, 13], z = 345.1560605056
oc=[3, 7, 9, 10, 11], z = 377.91560000000004
oc=[9, 10, 3, 7], z = 410.53
oc=[9, 10, 3, 7], z = 410.53
oc=[3, 4, 7, 9, 10, 11], z = 360.4356
oc=[3, 4, 7, 9, 10], z = 393.05000000000007
oc=[3, 4, 7, 9, 10], z = 393.05000000000007
oc=[1, 2, 5, 9, 10, 11], z = 339.7489824
oc=[1, 2, 5, 9, 10], z = 368.01664
oc=[1, 2, 5, 9, 10, 11], z = 339.7489824
oc=[5, 6, 9, 11, 12, 13], z = 345.15606050560007
oc=[5, 6, 9, 12, 13], z = 375.90480384
oc=[5, 6, 9, 11, 12, 13], z = 345.15606050560007
oc=[2, 3, 7, 8, 9, 11, 12, 13], z = 376.74392351999995
oc=[2, 3, 7, 8, 9, 12, 13], z = 402.277912
oc=[2, 3, 7, 8, 9, 12, 13], z = 402.277912
oc=[1, 2, 4, 5, 7, 8, 9, 11, 12, 13], z = 326.6637849343999
oc=[1, 2, 4, 5, 7, 8, 9, 12, 13], z = 351.36304512000004
oc=[1, 2, 4, 5, 7, 8, 9, 12, 13], z = 351.36304512000004
oc=[1, 2, 4, 6, 7, 8, 9, 11, 12, 13], z = 365.95771791999994
oc=[1, 2, 4, 6, 7, 8, 9, 12, 13], z = 390.78251792000003
oc=[1, 2, 4, 6, 7, 8, 9, 12, 13], z = 390.78251792000003
oc=[3, 6, 7, 9, 11, 12, 13], z = 367.471
oc=[3, 6, 7, 9, 12, 13], z = 398.41099999999994
oc=[3, 6, 7, 9, 11, 12, 13], z = 367.471
oc=[4, 5, 7, 9, 11, 12, 13], z = 332.5704409599999
oc=[3, 4, 7, 9, 11, 12, 13], z = 364.23100000000005
oc=[3, 4, 7, 9, 12, 13], z = 395.17100000000005
oc=[3, 4, 7, 9, 12, 13], z = 395.17100000000005
oc=[2, 3, 4, 6, 7, 8, 9, 11, 12, 13], z = 361.73684144
oc=[2, 3, 4, 6, 7, 8, 9, 12, 13], z = 387.2708299200001
oc=[2, 3, 4, 6, 7, 8, 9, 11, 12, 13], z = 361.73684144
oc=[1, 2, 4, 6, 7, 8, 9, 10, 11], z = 358.13634192000006
oc=[2, 3, 5, 8, 9, 10, 11], z = 341.28896576
oc=[2, 3, 5, 8, 9, 10], z = 366.06286400000005
oc=[2, 3, 5, 8, 9, 10, 11], z = 341.28896576
oc=[1, 4, 5, 6, 9, 10, 11], z = 328.756971624192
oc=[1, 4, 5, 6, 9, 10], z = 355.25110528000005
oc=[1, 4, 5, 6, 9, 10, 11], z = 328.756971624192
oc=[2, 3, 4, 5, 7, 9, 10, 11], z = 313.83986496
oc=[2, 3, 4, 5, 7, 9, 10], z = 343.50732095999996
oc=[2, 3, 4, 5, 7, 9, 10, 11], z = 313.83986496
oc=[3, 4, 5, 9, 10, 11], z = 320.60654400000004
oc=[3, 4, 5, 9, 10], z = 350.27400000000006
oc=[3, 4, 5, 9, 10, 11], z = 320.60654400000004
oc=[2, 4, 6, 9, 11, 12, 13], z = 351.14668800000004
oc=[2, 4, 6, 9, 12, 13], z = 382.08668800000004
oc=[2, 4, 6, 9, 12, 13], z = 382.08668800000004
oc=[2, 4, 5, 6, 9, 11, 12, 13], z = 318.51154778777607
oc=[2, 4, 5, 6, 9, 12, 13], z = 344.76589504
oc=[2, 4, 5, 6, 9, 11, 12, 13], z = 318.51154778777607
oc=[4, 5, 6, 9, 11, 12, 13], z = 329.16393722675195
oc=[4, 5, 6, 9, 12, 13], z = 355.56620927999995
oc=[4, 5, 6, 9, 11, 12, 13], z = 329.16393722675195
oc=[1, 6, 8, 9, 11, 12, 13], z = 366.06960000000004
oc=[1, 6, 8, 9, 12, 13], z = 390.8944
oc=[1, 6, 8, 9, 11, 12, 13], z = 366.06960000000004
oc=[2, 3, 4, 6, 7, 9, 10, 11], z = 352.64371792000003
oc=[2, 3, 4, 6, 7, 9, 10], z = 385.25811792
oc=[2, 3, 4, 6, 7, 9, 10], z = 385.25811792
oc=[2, 3, 4, 7, 9, 10, 11], z = 342.3876
oc=[2, 3, 4, 7, 9, 10], z = 375.00200000000007
oc=[2, 3, 4, 7, 9, 10, 11], z = 342.3876
MIN - MONTE CARLO - OTIMIZADO
248.2 <- [1, 2, 3, 4, 5, 6, 7, 8, 9, 10, 11, 12, 13]
MIN - EXAUSTIVO
248.1 <- [1, 2, 3, 4, 5, 6, 8, 9, 10, 11, 12, 13]
