Academic license - for non-commercial use only - expires 2022-09-27
Using license file C:\gurobi912\win64\gurobi.lic
SOLUÇÃO SEM ENTREGADORES OCASIONAIS -> 366
oc=[2, 3, 5, 6, 7, 8, 11], z = 328.25545232
oc=[1, 4, 6, 10, 11], z = 343.6968
oc=[9, 11, 6, 7], z = 345.54
oc=[2, 4, 6, 7, 10, 13], z = 375.18811791999997
oc=[2, 5, 7, 8, 12, 13], z = 363.24611200000004
oc=[1, 3, 5, 7, 8, 9, 11, 12], z = 352.75356826368005
oc=[11, 3, 6, 7], z = 338.67
oc=[2, 4, 8, 9, 10, 12, 13], z = 381.7056
oc=[6, 8, 9, 11, 12], z = 344.3352
oc=[8, 1, 2, 13], z = 382.9344
oc=[3, 4, 6, 7, 8, 11, 12, 13], z = 361.1399235200001
oc=[1, 3, 5, 6, 8, 9, 13], z = 345.08175212044796
oc=[1, 2, 3, 5, 6, 8, 11, 13], z = 334.25643915476485
oc=[8, 9, 7], z = 385.92
oc=[2, 3, 4, 5, 8, 9, 11, 12], z = 311.61274175999995
oc=[1, 2, 3, 4, 5, 6, 7], z = 338.6161676352
oc=[5, 7, 8, 9, 12, 13], z = 377.86037375999996
oc=[1, 2, 3, 4, 5, 7, 8, 9, 10, 13], z = 328.2412084155576
oc=[1, 2, 4, 6, 7, 9, 10, 12], z = 394.68251791999995
oc=[3, 4, 8, 9, 13], z = 375.7427120000001
oc=[3, 5, 7, 9, 10, 11, 12], z = 340.69891712000003
oc=[1, 2, 3, 5, 6, 9, 10, 12], z = 384.54534993600004
oc=[2, 6, 7, 9, 13], z = 381.443036
oc=[1, 2, 3, 4, 5, 6, 7, 8, 9, 10, 11, 12], z = 323.9508533921222
oc=[1, 5, 6, 8, 9, 10, 11, 12, 13], z = 356.7431127891814
oc=[2, 3, 4, 5, 7, 8, 9, 10], z = 341.81618496
oc=[1, 2, 6, 7, 10, 12], z = 386.217436
oc=[2, 3, 6, 7, 12, 13], z = 378.9140360000001
oc=[2, 3, 4, 5, 8, 12, 13], z = 338.79951200000005
oc=[1, 5, 6, 8, 13], z = 362.1648
oc=[11, 1, 3, 6], z = 337.24999999999994
oc=[1, 3, 4, 7, 9, 10, 11, 12], z = 362.84646233599995
oc=[3, 4, 5, 7, 8, 9, 10, 11, 12, 13], z = 338.60737628981974
oc=[1, 2, 3, 5, 6, 11, 12, 13], z = 334.92446000000007
oc=[1, 2, 3, 4, 5, 7, 8, 9, 10, 11], z = 322.05164961554965
oc=[1, 2, 3, 4, 5, 6, 7, 8, 11], z = 315.0711853267606
oc=[2, 4, 5, 6, 9, 10, 12, 13], z = 356.1002950400001
oc=[13, 6], z = 362.41999999999996
oc=[5, 7, 8, 9, 10, 12], z = 376.907264
oc=[1, 2, 3, 4, 5, 6, 9, 10], z = 345.39136441088
oc=[2, 5, 9, 10, 11, 12], z = 322.84891711999995
oc=[3, 4, 6, 8, 12, 13], z = 375.753912
oc=[2, 3, 6, 7, 8, 13], z = 370.405748
oc=[1, 5, 6, 8, 10, 13], z = 375.0448
oc=[1, 4, 6, 8, 12, 13], z = 379.2656
oc=[1, 2, 3, 4, 5, 6, 8, 12, 13], z = 352.7738851527504
oc=[1, 2, 4, 5, 6, 12, 13], z = 351.93209791999993
oc=[1, 2, 3, 5, 8, 13], z = 359.5483032
oc=[8, 11, 5], z = 312.6152
oc=[1, 4, 5, 12, 13], z = 353.32000000000005
oc=[4, 6, 7, 8, 9, 10, 11, 12, 13], z = 369.6760660667801
oc=[9, 10, 13, 6], z = 389.1
oc=[2, 4, 5, 6, 8, 9, 12, 13], z = 349.856238877696
oc=[1, 6, 9, 11, 13], z = 354.78
oc=[1, 4, 6, 8, 9], z = 372.4312
oc=[2, 3, 8, 9, 12], z = 390.33
oc=[1, 3, 4, 7, 9, 10, 11, 13], z = 358.71289046208005
oc=[1, 6, 9, 10, 11, 13], z = 365.9856
oc=[2, 3, 4, 5, 7, 8, 9, 10, 11, 12, 13], z = 320.95534701015725
oc=[8, 3, 4, 13], z = 361.94271200000003
oc=[5, 8, 9, 10, 11], z = 334.35896576
oc=[1, 3, 4, 6, 7, 8, 12], z = 384.8812
oc=[1, 2, 3, 6, 8, 11, 12], z = 346.9652000000001
oc=[1, 3, 4, 5, 8, 11], z = 311.5652
oc=[9, 10, 11, 13], z = 370.7256
oc=[1, 2, 3, 4, 5, 7, 9, 10, 11, 12, 13], z = 287.3329110847192
oc=[1, 5, 6, 7, 8, 9, 10, 13], z = 396.9952238156801
oc=[4, 5, 7, 8, 9, 10, 11, 13], z = 340.0381456384
oc=[8, 9, 10, 11, 12], z = 346.63544
oc=[1, 3, 4, 6, 11, 12, 13], z = 343.62526
oc=[2, 4, 5, 6, 7, 9, 10, 12, 13], z = 356.0960569152
oc=[8, 12], z = 369.59999999999997
oc=[2, 4, 5, 7, 8, 11, 12], z = 296.76852095999993
oc=[1, 2, 3, 4, 5, 6, 7, 8, 11, 12], z = 323.471185327049
oc=[9, 10, 4, 1], z = 384.69999999999993
oc=[4, 5, 6, 7, 8, 9, 12], z = 358.5347894272
oc=[1, 3, 4, 5, 6, 7, 9], z = 354.23167865088
oc=[2, 3, 6, 8, 9, 11, 12, 13], z = 361.84872351999996
oc=[3, 4, 8, 12, 13], z = 370.342712
oc=[10, 12, 5], z = 361.9744
oc=[1, 5, 6, 7, 10, 12, 13], z = 396.0448
oc=[1, 3, 4, 6, 7, 8, 11, 12, 13], z = 362.29404050631274
oc=[1, 2, 3, 5, 6, 7, 8, 13], z = 368.25855551999996
oc=[1, 2, 6, 8, 11, 12, 13], z = 352.26959999999997
oc=[8, 11, 5, 7], z = 323.53520000000003
oc=[1, 2, 6, 7, 9, 12], z = 388.68303599999996
oc=[5, 6, 7, 9, 11, 12], z = 345.40291584
oc=[1, 5, 6, 8, 9, 13], z = 373.19522381568
oc=[1, 2, 4, 6, 7, 8, 9, 10, 12], z = 389.88251792000005
oc=[2, 3, 9, 10, 11], z = 366.9956
oc=[3, 5, 6, 9, 11, 13], z = 339.640073724544
oc=[2, 5, 6, 7, 9, 11], z = 331.80276815999997
oc=[3, 4, 5, 8, 9, 13], z = 347.10126442240005
oc=[1, 3, 4, 5, 6, 11, 13], z = 317.11920122585605
oc=[2, 3, 4, 5, 7, 8, 9, 12], z = 337.33618495999997
oc=[1, 3, 9, 12, 13], z = 383.9595096
oc=[3, 5, 6, 8, 9, 11, 12, 13], z = 353.3434634289817
oc=[2, 4, 6, 8, 9, 12, 13], z = 378.861088
oc=[1, 2, 3, 6, 7, 9, 11, 12, 13], z = 353.55469336669665
oc=[1, 2, 3, 7, 9, 11, 13], z = 349.22365496996963
oc=[1, 2, 3, 5, 6, 8, 11, 12, 13], z = 342.6549615114691
oc=[1, 2, 4, 7, 8, 9, 11], z = 335.06719999999996
oc=[1, 2, 6, 11, 12], z = 338.72
oc=[2, 3, 5, 6, 7, 8, 9, 11, 13], z = 350.66331574898174
oc=[1, 5, 6, 8, 11, 12, 13], z = 345.74
oc=[5, 6, 7, 9, 12], z = 376.01875199999995
oc=[1, 3, 4, 8, 9, 11], z = 349.98996161024
oc=[1, 2, 4, 9, 12], z = 372.4368
oc=[1, 3, 4, 5, 6, 7, 9, 10, 12], z = 373.96607865088004
oc=[2, 4, 6, 7, 8, 9, 12], z = 369.04811792
oc=[6, 7, 8, 9, 10, 11, 12], z = 355.0571499072
oc=[3, 4, 7, 9, 10, 11, 12], z = 352.49366208000004
oc=[5, 6, 7, 9, 10], z = 380.49875199999997
oc=[2, 5, 6, 8, 9, 10], z = 365.12072704
oc=[2, 3, 5, 8, 9, 10, 11], z = 341.28896576
oc=[1, 2, 3, 4, 8, 9, 10, 11, 12], z = 350.80449949184003
oc=[1, 2, 3, 4, 9, 10, 11, 13], z = 340.00969046208
oc=[2, 5, 6, 7, 12], z = 359.35025232
oc=[3, 4, 5, 6, 8, 9, 10, 11], z = 334.3676783421645
oc=[2, 4, 5, 8, 13], z = 324.4112
oc=[1, 4, 8, 9, 10, 11, 12, 13], z = 361.787280992256
oc=[2, 4, 6, 8, 9, 10, 11, 12], z = 342.9389626741761
oc=[1, 2, 5, 12, 13], z = 370.79999999999995
oc=[3, 4, 5, 6, 8, 10, 11, 12, 13], z = 329.9885436204568
oc=[1, 2, 4, 5, 7, 8, 10, 11, 12], z = 307.42969104852995
oc=[9, 10, 13, 1], z = 412.84000000000003
oc=[2, 4, 5, 6, 7, 8, 9, 10, 11, 13], z = 329.77025910900664
oc=[1, 2, 3, 5, 7, 9, 10, 12, 13], z = 361.5859389567744
oc=[10, 2, 13, 6], z = 375.3
oc=[1, 2, 4, 5, 6, 10, 12, 13], z = 363.26649792
oc=[1, 2, 3, 5, 10, 11, 13], z = 334.73966
oc=[2, 6, 8, 9, 10], z = 373.64
oc=[1, 3, 6, 9, 10, 11], z = 363.10372785199996
oc=[1, 2, 5, 8, 9, 10, 11], z = 343.08430809600003
oc=[1, 2, 4, 6, 8, 10], z = 366.80668799999995
oc=[11, 3, 13, 7], z = 359.511
oc=[4, 12, 13, 7], z = 378.5
oc=[1, 3, 4, 6, 7, 8, 10, 11], z = 364.469424
oc=[3, 5, 6, 8, 10, 13], z = 371.53311199999996
oc=[1, 11, 12, 13], z = 363.62
oc=[1, 3, 4, 5, 12, 13], z = 345.39406
oc=[1, 2, 3, 8, 12], z = 386.03000000000003
oc=[1, 2, 3, 4, 5, 7], z = 334.42332096
oc=[1, 2, 4, 5, 6, 7, 11, 12], z = 313.6180078080001
oc=[3, 5, 7, 8, 9, 10, 13], z = 388.38126442239997
oc=[3, 5, 9, 11, 12], z = 335.280944
oc=[2, 3, 4, 8, 9], z = 356.6668
oc=[1, 5, 8, 12, 13], z = 367.57439999999997
oc=[3, 7, 8, 10, 11, 13], z = 376.96929411839994
oc=[1, 2, 6, 12, 13], z = 380.32000000000005
oc=[1, 3, 5, 7, 8, 12, 13], z = 378.7190463014401
oc=[4, 6, 11, 12, 13], z = 342.0512
oc=[3, 8, 11, 12, 13], z = 362.28872351999996
oc=[1, 2, 4, 5, 6, 11, 13], z = 315.9885982272
oc=[2, 3, 4, 5, 12, 13], z = 338.9078
oc=[2, 3, 6, 7, 11, 12], z = 341.37303600000007
oc=[8, 2, 12, 13], z = 381.83439999999996
oc=[8, 5, 12, 13], z = 358.07439999999997
oc=[3, 6, 11, 12, 13], z = 342.751
oc=[3, 6, 7, 9, 11, 12, 13], z = 367.471
oc=[3, 4, 6, 7, 9, 10, 11, 13], z = 372.4478000000001
oc=[1, 3, 4, 7, 9, 12, 13], z = 386.82461372800003
oc=[1, 2, 6, 9, 10, 13], z = 398.6
oc=[5, 9, 11, 12, 13], z = 339.13044096
oc=[2, 4, 6, 8, 9, 11, 13], z = 345.63628800000004
oc=[2, 4, 5, 6, 9, 11, 12], z = 306.7427381514241
oc=[2, 4, 5, 6, 9, 11, 12, 13], z = 318.51154778777607
oc=[3, 5, 9, 11, 12], z = 335.280944
oc=[8, 9, 3, 13], z = 393.222712
oc=[2, 3, 5, 6, 9, 11, 13], z = 339.640073724544
oc=[3, 4, 5, 6, 8, 9, 11, 12, 13], z = 340.60550370445094
oc=[2, 3, 4, 8, 13], z = 354.15951199999995
oc=[1, 2, 3, 5, 8, 9, 11], z = 333.43356826368006
oc=[4, 5, 6, 7], z = 343.91071999999997
oc=[2, 8, 9, 11, 13], z = 362.40959999999995
oc=[2, 4, 6, 8, 9, 11, 12], z = 341.8018880000001
oc=[4, 6, 8, 11, 12, 13], z = 344.9408000000001
oc=[1, 2, 9, 12, 13], z = 408.35999999999996
oc=[2, 3, 4, 6, 7, 8, 9, 12, 13], z = 387.2708299200001
oc=[4, 5, 6, 8, 9, 11, 12, 13], z = 335.25900830507004
oc=[1, 4, 5, 8, 9, 11, 13], z = 325.03046397439994
oc=[2, 3, 4, 5, 8, 9, 12, 13], z = 347.71806442239995
oc=[1, 2, 3, 4, 5, 6, 7, 8, 11, 12], z = 323.471185327049
oc=[2, 3, 4, 6, 9, 11], z = 339.01668800000004
oc=[2, 3, 5, 6, 11, 12, 13], z = 336.2214
oc=[1, 2, 3, 4, 5, 9, 13], z = 312.07868459136
oc=[2, 3, 5, 8, 9, 12], z = 361.582864
oc=[1, 2, 3, 5, 6, 13], z = 357.46446000000003
oc=[9, 2, 12, 13], z = 398.86
oc=[5, 9, 11, 12, 13], z = 339.13044096
oc=[4, 6, 8, 9, 11, 12, 13], z = 358.7407999999999
oc=[1, 2, 3, 4, 5, 6, 7, 11], z = 312.1480077994155
oc=[1, 4, 5, 6, 9], z = 342.37110528
oc=[4, 5, 12, 13], z = 343.82
oc=[1, 5, 9, 11, 13], z = 339.32287936
oc=[3, 5, 6, 8, 9, 11, 12, 13], z = 353.3434634289817
oc=[3, 6, 8, 11, 12, 13], z = 348.04872351999995
oc=[4, 5, 8, 9, 11, 12], z = 312.46594175999996
oc=[4, 5, 6, 7, 12], z = 352.31071999999995
oc=[6, 9, 11, 12, 13], z = 353.68000000000006
oc=[5, 4, 13], z = 335.41999999999996
oc=[9, 2, 4], z = 354.5368
oc=[1, 3, 4, 6, 9, 11, 13], z = 342.70772927082885
oc=[8, 4, 12, 13], z = 364.3544
oc=[3, 4, 5, 6, 9, 12], z = 350.50846528
oc=[2, 3, 4, 5, 6, 7, 11], z = 302.648007808
oc=[5, 8, 9, 11, 12, 13], z = 342.1851216384
oc=[2, 3, 8, 11, 12, 13], z = 362.28872351999996
oc=[2, 5, 6, 8, 9, 11, 12], z = 335.82889359360007
oc=[1, 2, 4, 6, 9, 11, 13], z = 352.24668800000006
oc=[1, 2, 5, 6, 7, 11, 12], z = 337.91025232000004
oc=[2, 3, 8, 9, 12, 13], z = 401.622712
oc=[3, 4, 9, 12, 13], z = 384.25100000000003
oc=[1, 2, 3, 4, 5, 6, 8, 9, 12, 13], z = 309.004776780984
oc=[1, 5, 8, 9, 11, 12, 13], z = 350.9104639744
oc=[1, 2, 4, 5, 9, 12, 13], z = 350.26118400000007
oc=[1, 3, 4, 6, 8, 9, 11], z = 355.4016051771264
oc=[1, 2, 4, 11, 13], z = 329.9568
oc=[1, 2, 3, 4, 8, 9, 13], z = 365.69142945664
oc=[11, 12, 13, 6], z = 339.88
oc=[2, 3, 4, 6, 9, 11, 12], z = 347.416688
oc=[1, 4, 6, 8, 11, 12], z = 342.20640000000003
oc=[1, 2, 3, 4, 5, 9, 12, 13], z = 320.47868459136
oc=[1, 4, 9, 12, 13], z = 390.88
oc=[1, 7, 9, 12, 13], z = 419.28
oc=[1, 2, 4, 9, 12, 13], z = 383.09680000000003
oc=[1, 2, 6, 7, 8, 9, 10, 13], z = 400.597436
oc=[2, 3, 4, 5, 6, 9, 12, 13], z = 350.11562143725564
oc=[3, 4, 9, 11, 12, 13], z = 353.31100000000004
oc=[2, 3, 5, 6, 8, 9, 12, 13], z = 378.875064766464
oc=[3, 5, 6, 9, 12, 13], z = 378.9203951616
oc=[2, 3, 6, 8, 9, 10, 11, 13], z = 365.60929411840004
oc=[2, 6, 8, 9, 10, 13], z = 385.8743999999999
oc=[1, 4, 8, 9, 11, 12, 13], z = 362.8296
oc=[1, 2, 4, 8, 9, 11, 12, 13], z = 355.0464
oc=[1, 3, 9, 11, 12, 13], z = 353.30296877600006
oc=[2, 3, 4, 5, 6, 9, 13], z = 341.71562143725566
oc=[3, 4, 5, 9, 11], z = 309.400944
oc=[1, 5, 6, 9, 11, 12, 13], z = 353.84953358528
oc=[1, 2, 6, 9, 12, 13], z = 394.12
oc=[4, 5, 7, 8, 9, 12, 13], z = 360.38037375999994
oc=[3, 6, 7, 8, 9, 12, 13], z = 398.30271199999993
oc=[1, 4, 5, 9, 12, 13], z = 358.04438400000004
oc=[1, 2, 3, 5, 6, 9, 12, 13], z = 354.34217737920005
oc=[1, 2, 3, 5, 9, 12], z = 364.2713784
oc=[8, 9, 13, 1], z = 396.73440000000005
oc=[4, 6, 8, 9, 13], z = 375.1656
oc=[2, 3, 6, 7, 9, 10, 13], z = 397.194036
oc=[1, 2, 4, 6, 9, 13], z = 383.186688
oc=[1, 5, 8, 9, 10, 11, 13], z = 355.3234879744
oc=[2, 4, 6, 8, 9, 10, 11, 12, 13], z = 354.0515540667801
oc=[1, 6, 9, 10, 11, 13], z = 365.9856
oc=[1, 2, 3, 4, 5, 8, 9, 10, 11, 13], z = 293.5670993983232
oc=[1, 4, 8, 9, 10, 13], z = 392.1344
oc=[2, 5, 6, 8, 9, 10, 11, 13], z = 352.47684338022407
oc=[1, 2, 5, 8, 9, 10, 12, 13], z = 386.94412416
oc=[1, 3, 4, 6, 7, 9, 11, 12, 13], z = 362.0277292708288
oc=[1, 7, 8, 9, 13], z = 407.6544
oc=[3, 4, 7, 8, 9, 10, 11, 13], z = 373.28929411840005
oc=[8, 9, 2, 13], z = 387.2344
oc=[2, 4, 7, 9, 11, 13], z = 334.91200000000003
oc=[1, 4, 6, 7, 9, 12, 13], z = 407.21119999999996
oc=[2, 8, 9, 10, 11, 12, 13], z = 356.101855872
oc=[2, 3, 8, 9, 10, 12, 13], z = 412.95711200000005
oc=[1, 4, 5, 6, 9, 11, 13], z = 328.21830347120647
oc=[1, 2, 8, 9, 11, 13], z = 371.90959999999995
oc=[2, 5, 9, 11, 13], z = 330.73044095999995
oc=[2, 6, 8, 9, 11, 13], z = 348.16959999999995
oc=[2, 3, 5, 6, 8, 9, 13], z = 370.475064766464
oc=[1, 2, 3, 4, 9, 10, 11, 12, 13], z = 332.5866748305085
oc=[4, 5, 9, 10, 13], z = 355.33174399999996
oc=[1, 4, 6, 8, 9, 10, 12], z = 392.1655999999999
oc=[2, 3, 4, 6, 8, 9, 11, 13], z = 350.91541152
oc=[2, 3, 8, 9, 11, 13], z = 367.68872352000005
oc=[1, 2, 5, 6, 7, 9, 10, 11], z = 351.60080655999997
oc=[1, 4, 5, 6, 8, 9, 10, 12, 13], z = 379.30507669360645
oc=[2, 3, 4, 7, 8, 9, 11, 12, 13], z = 351.48072351999997
oc=[3, 4, 6, 7, 8, 9, 13], z = 392.07391200000006
oc=[1, 2, 3, 4, 5, 7, 8, 9, 10, 11, 13], z = 294.6212436466467
oc=[1, 3, 6, 7, 9, 10, 11], z = 374.023727852
oc=[1, 6, 8, 9, 13], z = 382.4944
oc=[3, 9, 10, 11, 12], z = 350.64281600000004
oc=[1, 2, 5, 6, 7, 9, 10, 11, 13], z = 362.3749859052799
oc=[2, 8, 9, 10, 11, 12], z = 346.63544
oc=[1, 5, 7, 8, 9, 10, 13], z = 391.0097241599999
oc=[3, 5, 9, 10, 11, 12, 13], z = 336.6177160704
oc=[2, 3, 9, 10, 11, 12, 13], z = 357.24381600000004
oc=[1, 2, 3, 4, 8, 9, 10], z = 379.90652233599997
oc=[1, 3, 4, 6, 7, 8, 9, 13], z = 390.9504291643904
oc=[1, 3, 4, 5, 7, 8, 9, 10, 11], z = 339.7382774968576
oc=[2, 4, 5, 6, 7, 9, 10, 11, 12], z = 305.823165815297
oc=[2, 3, 5, 9, 10, 13], z = 376.9972105600001
oc=[1, 2, 5, 6, 7, 9, 10, 13], z = 394.41990371199995
oc=[3, 4, 5, 6, 8, 9, 11, 13], z = 332.20550370445096
oc=[2, 4, 5, 8, 9, 13], z = 333.27717376000004
oc=[3, 5, 6, 9, 11, 13], z = 339.640073724544
oc=[9, 2, 13, 6], z = 376.22
oc=[8, 9, 13, 1], z = 396.73440000000005
oc=[9, 5, 11, 13], z = 330.73044096
oc=[3, 5, 8, 9, 13], z = 364.5812644224
oc=[5, 6, 8, 9, 13], z = 364.4809691136
oc=[3, 5, 6, 9, 11, 13], z = 339.640073724544
oc=[4, 5, 6, 9, 13], z = 347.16620928
oc=[3, 6, 8, 9, 13], z = 378.982712
oc=[3, 4, 8, 9, 11, 13], z = 350.20872352000004
oc=[4, 6, 8, 9, 13], z = 375.1656
oc=[1, 5, 6, 8, 9, 10, 13], z = 386.07522381568003
oc=[1, 2, 6, 9, 11, 13], z = 354.78
oc=[1, 2, 4, 5, 8, 9, 13], z = 341.94652415999997
oc=[1, 2, 5, 9, 11, 13], z = 339.32287935999994
oc=[1, 2, 4, 5, 9, 11], z = 303.2801824
oc=[1, 4, 8, 9, 11, 12, 13], z = 362.8296
oc=[1, 3, 4, 6, 9, 11, 13], z = 342.70772927082885
oc=[1, 5, 6, 9, 11, 12, 13], z = 353.84953358528
oc=[3, 4, 5, 6, 11, 12, 13], z = 326.81614122585603
oc=[1, 2, 8, 9, 11, 12], z = 368.0752
oc=[4, 5, 9, 11, 12], z = 310.87094399999995
oc=[3, 4, 5, 6, 9, 11, 12], z = 324.32512759040003
oc=[1, 2, 6, 8, 9, 11, 13], z = 357.66959999999995
oc=[8, 3, 4, 13], z = 361.94271200000003
oc=[8, 9, 5], z = 346.252864
oc=[1, 3, 6, 9, 11, 12, 13], z = 347.92845388536
oc=[1, 2, 4, 5, 6, 7, 8], z = 332.787111720192
oc=[1, 2, 4, 6, 9, 11, 13], z = 352.24668800000006
oc=[2, 4, 5, 9, 12], z = 331.08079999999995
oc=[1, 4, 5, 6, 8, 9, 12, 13], z = 367.97067669360644
oc=[3, 4, 5, 9, 12, 13], z = 355.03721056
oc=[3, 6, 8, 9, 11, 12, 13], z = 361.84872352
oc=[5, 6, 8, 12, 13], z = 361.0648
oc=[1, 2, 3, 4, 5, 8, 9, 13], z = 314.30962668487683
oc=[2, 3, 8, 9, 11, 12], z = 365.5052
oc=[1, 2, 3, 4, 12], z = 365.5668
oc=[3, 5, 9, 12, 13], z = 372.51721055999997
oc=[1, 8, 9, 11, 12, 13], z = 380.30960000000005
oc=[2, 3, 5, 8, 9, 11, 12, 13], z = 347.46897723801595
oc=[2, 3, 4, 8, 9, 12, 13], z = 376.35951200000005
oc=[1, 2, 5, 9, 11, 12, 13], z = 347.72287936000004
oc=[1, 2, 4, 9, 12, 13], z = 383.09680000000003
oc=[3, 7, 8, 9, 11, 13], z = 378.60872352
oc=[3, 5, 9, 11, 12, 13], z = 342.1197429504
oc=[3, 5, 9, 12, 13], z = 372.51721055999997
oc=[3, 5, 9, 12, 13], z = 372.51721055999997
oc=[1, 2, 4, 6, 7, 8, 9, 10, 11, 13], z = 370.37074192
oc=[1, 4, 8, 9, 12, 13], z = 387.6544
oc=[2, 3, 5, 8, 9, 11, 12, 13], z = 347.46897723801595
oc=[2, 3, 5, 9, 12, 13], z = 372.51721056
oc=[3, 5, 8, 9, 10, 13], z = 377.46126442240006
oc=[1, 2, 9, 11, 12, 13], z = 377.41999999999996
oc=[3, 5, 6, 9, 11, 12, 13], z = 348.04007372454396
oc=[3, 4, 5, 6, 9, 12, 13], z = 360.827961059328
oc=[9, 12, 13], z = 398.86
oc=[2, 3, 4, 5, 6, 7, 9, 13], z = 341.7113833116773
oc=[2, 3, 4, 6, 7, 9, 12, 13], z = 387.37911792
oc=[1, 2, 5, 6, 9, 10, 13], z = 388.700051392
oc=[2, 4, 5, 6, 8, 9, 12, 13], z = 349.856238877696
oc=[2, 4, 9, 12, 13], z = 373.59680000000003
oc=[1, 4, 6, 8, 9, 12, 13], z = 393.0656
oc=[2, 3, 5, 6, 7, 8, 9, 10, 13], z = 389.074917086464
oc=[1, 2, 7, 9, 11, 12, 13], z = 378.07520000000005
oc=[4, 6, 9, 12, 13], z = 386.7912
oc=[2, 3, 6, 8, 9, 10, 11, 13], z = 365.60929411840004
oc=[2, 3, 5, 6, 9, 10, 13], z = 383.4003951616
oc=[1, 2, 5, 6, 9, 12, 13], z = 384.22005139199996
oc=[1, 4, 5, 7, 9, 10, 11, 13], z = 343.96847936
oc=[1, 2, 3, 4, 5, 7, 9, 10, 11, 13], z = 294.5589004624289
oc=[1, 5, 6, 7, 8, 9, 10, 13], z = 396.9952238156801
oc=[1, 2, 4, 7, 9, 10, 11, 13], z = 355.6175999999999
oc=[3, 7, 9, 10, 12, 13], z = 423.9854
oc=[6, 9, 11, 12, 13], z = 353.68000000000006
oc=[4, 6, 9, 11, 12, 13], z = 355.8512
oc=[4, 6, 9, 12, 13], z = 386.7912
oc=[4, 6, 9, 11, 12, 13], z = 355.8512
oc=[3, 4, 5, 8, 9, 11, 12, 13], z = 329.9889772380161
oc=[2, 6, 9, 11, 12, 13], z = 353.68
oc=[3, 5, 6, 9, 11, 12, 13], z = 348.04007372454396
oc=[3, 5, 6, 9, 12, 13], z = 378.9203951616
oc=[3, 5, 6, 9, 12, 13], z = 378.9203951616
oc=[2, 3, 5, 6, 9, 12, 13], z = 378.9203951616
oc=[3, 9, 11, 12, 13], z = 370.791
oc=[9, 3, 12, 13], z = 401.731
oc=[9, 3, 12, 13], z = 401.731
oc=[1, 4, 8, 9, 10, 13], z = 392.1344
oc=[2, 3, 7, 8, 9, 11, 12, 13], z = 376.74392351999995
oc=[1, 2, 5, 7, 9, 10, 11, 12, 13], z = 347.825686484224
oc=[1, 2, 5, 7, 8, 9, 10, 11, 13], z = 360.49519997440007
oc=[1, 2, 3, 4, 7, 8, 9, 10, 11, 12, 13], z = 328.95784455375934
oc=[1, 3, 4, 6, 7, 9, 10, 13], z = 397.44523483008004
oc=[1, 2, 3, 5, 6, 7, 9, 10, 13], z = 364.5936147338852
oc=[1, 2, 4, 6, 7, 9, 10, 13], z = 398.4881179199999
oc=[1, 8, 9, 11, 12, 13], z = 380.30960000000005
oc=[1, 8, 9, 12, 13], z = 405.1344
oc=[1, 8, 9, 11, 12, 13], z = 380.30960000000005
oc=[9, 10, 3, 13], z = 406.211
oc=[3, 6, 9, 11, 12, 13], z = 356.551
oc=[3, 6, 9, 12, 13], z = 387.491
oc=[3, 6, 9, 12, 13], z = 387.491
oc=[1, 5, 6, 8, 9, 12, 13], z = 381.59522381567996
oc=[3, 4, 5, 7, 9, 10, 11, 13], z = 338.3653429504001
oc=[2, 4, 5, 7, 9, 10, 11, 13], z = 317.68936192
oc=[1, 6, 7, 9, 10, 11, 12, 13], z = 368.68939536000005
oc=[2, 3, 5, 6, 7, 9, 10, 11, 12, 13], z = 349.2819321082087
oc=[3, 6, 7, 8, 9, 10, 12, 13], z = 409.637112
oc=[2, 3, 4, 5, 9, 12, 13], z = 347.2540105600001
oc=[2, 3, 4, 8, 9, 11, 12, 13], z = 350.82552352000005
oc=[2, 3, 4, 8, 9, 12, 13], z = 376.35951200000005
oc=[2, 3, 4, 8, 9, 11, 12, 13], z = 350.82552352000005
oc=[2, 3, 5, 9, 12, 13], z = 372.51721056
oc=[1, 2, 5, 7, 9, 10, 11, 12, 13], z = 347.825686484224
oc=[3, 5, 6, 7, 8, 9, 10, 11, 13], z = 368.02403402738173
oc=[2, 3, 5, 6, 9, 11, 12, 13], z = 348.040073724544
oc=[2, 3, 4, 5, 8, 9, 11, 12, 13], z = 322.20577723801597
oc=[2, 3, 4, 5, 8, 9, 12, 13], z = 347.71806442239995
oc=[2, 3, 4, 5, 8, 9, 11, 12, 13], z = 322.20577723801597
oc=[2, 5, 6, 9, 11, 12, 13], z = 345.1560605056
oc=[2, 3, 4, 5, 6, 9, 11, 12, 13], z = 323.07476248791164
oc=[2, 3, 5, 8, 9, 11, 12, 13], z = 347.46897723801595
oc=[2, 3, 5, 8, 9, 12, 13], z = 372.9812644224
oc=[2, 3, 5, 8, 9, 11, 12, 13], z = 347.46897723801595
oc=[2, 5, 6, 8, 9, 12, 13], z = 372.88096911360003
oc=[4, 5, 6, 9, 11, 12, 13], z = 329.16393722675195
oc=[4, 5, 6, 9, 12, 13], z = 355.56620927999995
oc=[4, 5, 6, 9, 12, 13], z = 355.56620927999995
oc=[4, 6, 8, 9, 12, 13], z = 383.56559999999996
oc=[5, 8, 9, 11, 12, 13], z = 342.1851216384
oc=[4, 8, 9, 12, 13], z = 378.1544
oc=[2, 4, 5, 8, 9, 12, 13], z = 341.67717375999996
oc=[2, 4, 5, 6, 9, 11, 12, 13], z = 318.51154778777607
oc=[2, 3, 6, 9, 11, 12, 13], z = 356.55100000000004
oc=[2, 3, 6, 9, 12, 13], z = 387.491
oc=[2, 3, 6, 9, 12, 13], z = 387.491
oc=[1, 4, 5, 6, 7, 8, 9, 11, 12, 13], z = 354.25426251708836
oc=[2, 3, 4, 5, 7, 8, 9, 11, 13], z = 314.8222981979905
oc=[1, 5, 7, 9, 11, 12, 13], z = 358.64287936000005
oc=[2, 4, 7, 8, 9, 13], z = 362.62640000000005
oc=[1, 3, 5, 6, 7, 9, 12, 13], z = 365.2621773792
oc=[1, 5, 6, 7, 8, 9, 12, 13], z = 392.51522381568
oc=[1, 2, 4, 5, 6, 7, 9, 11, 12, 13], z = 326.03526356511315
oc=[2, 3, 6, 7, 9, 11, 13], z = 353.37403600000005
oc=[1, 2, 4, 5, 7, 8, 9, 11, 12, 13], z = 326.6637849343999
oc=[2, 3, 4, 6, 7, 8, 9, 13], z = 378.87082992000006
oc=[1, 2, 5, 7, 9, 11, 13], z = 344.49459135999996
oc=[1, 2, 3, 7, 9, 11, 12, 13], z = 357.62365496996966
oc=[1, 3, 7, 9, 13], z = 386.47950960000003
oc=[2, 3, 5, 7, 8, 9, 11, 13], z = 344.240689238016
oc=[1, 2, 5, 6, 7, 9, 11, 12, 13], z = 359.5693859052799
oc=[4, 6, 7, 9, 11, 13], z = 358.37120000000004
oc=[1, 2, 5, 7, 8, 9, 12, 13], z = 380.78143616000006
oc=[1, 2, 4, 5, 6, 7, 8, 9, 12, 13], z = 357.9639039128433
oc=[1, 2, 4, 6, 7, 8, 9, 11, 12, 13], z = 365.95771791999994
oc=[2, 3, 4, 5, 6, 7, 9, 13], z = 341.7113833116773
oc=[1, 2, 3, 5, 9, 11], z = 330.159993792
oc=[1, 3, 5, 6, 7, 9, 11, 12, 13], z = 335.0965538108288
oc=[3, 5, 6, 7, 8, 9, 13], z = 381.395064766464
oc=[2, 3, 4, 7, 8, 9, 13], z = 368.61471199999994
oc=[1, 2, 3, 4, 6, 7, 8, 9, 11, 13], z = 347.0561887816313
oc=[1, 4, 5, 6, 7, 8, 9, 11, 13], z = 345.8542625170883
oc=[1, 2, 5, 7, 9, 12, 13], z = 380.696096
oc=[1, 4, 7, 8, 9, 11, 12, 13], z = 373.7496
oc=[1, 2, 5, 6, 7, 9, 11, 12, 13], z = 359.5693859052799
oc=[1, 2, 4, 6, 7, 9, 12, 13], z = 394.00811792
oc=[1, 6, 8, 9, 10, 13], z = 395.3743999999999
oc=[3, 7, 9, 11, 12, 13], z = 381.711
oc=[1, 6, 7, 8, 9, 12, 13], z = 401.8144
oc=[2, 3, 5, 7, 9, 10, 11, 13], z = 350.09705495040004
oc=[2, 3, 4, 7, 8, 9, 10, 13], z = 381.49471199999994
oc=[1, 2, 4, 6, 7, 9, 11, 12, 13], z = 363.0681179200001
oc=[1, 2, 4, 6, 7, 9, 12, 13], z = 394.00811792
oc=[1, 2, 4, 6, 7, 9, 12, 13], z = 394.00811792
oc=[3, 5, 7, 8, 9, 10, 11, 13], z = 362.14954783641605
oc=[1, 2, 6, 7, 8, 9, 10, 11, 12, 13], z = 370.2017338074239
oc=[1, 2, 5, 8, 9, 12, 13], z = 375.60972416
oc=[2, 3, 5, 6, 9, 10, 13], z = 383.4003951616
oc=[1, 2, 5, 7, 9, 12, 13], z = 380.696096
oc=[2, 3, 5, 6, 9, 11, 12, 13], z = 348.040073724544
oc=[2, 3, 5, 6, 9, 12, 13], z = 378.9203951616
oc=[2, 3, 5, 6, 9, 11, 12, 13], z = 348.040073724544
oc=[2, 3, 4, 6, 9, 11, 12, 13], z = 354.017688
oc=[2, 3, 4, 6, 9, 12, 13], z = 384.9576880000001
oc=[2, 3, 4, 6, 9, 11, 12, 13], z = 354.017688
oc=[2, 4, 5, 8, 9, 12, 13], z = 341.67717375999996
oc=[2, 3, 6, 8, 9, 12, 13], z = 387.382712
oc=[1, 2, 5, 7, 9, 10, 11, 12, 13], z = 347.825686484224
oc=[3, 5, 7, 8, 9, 10, 13], z = 388.38126442239997
oc=[1, 4, 5, 6, 7, 8, 9, 10, 11, 13], z = 358.7116849396369
oc=[2, 3, 7, 9, 10, 12, 13], z = 413.7206000000001
oc=[1, 2, 6, 8, 9, 10, 11, 13], z = 370.482624
oc=[4, 6, 7, 9, 11, 12, 13], z = 366.7712
oc=[1, 4, 8, 9, 11, 12, 13], z = 362.8296
oc=[1, 4, 8, 9, 12, 13], z = 387.6544
oc=[1, 4, 8, 9, 11, 12, 13], z = 362.8296
oc=[1, 5, 8, 9, 11, 12, 13], z = 350.9104639744
oc=[1, 5, 8, 9, 12, 13], z = 375.60972416
oc=[1, 5, 8, 9, 11, 12, 13], z = 350.9104639744
oc=[1, 4, 5, 8, 9, 11, 12, 13], z = 333.4304639744
oc=[1, 4, 5, 8, 9, 12, 13], z = 358.12972416
oc=[1, 4, 5, 8, 9, 12, 13], z = 358.12972416
oc=[1, 5, 9, 11, 12, 13], z = 347.72287936
oc=[1, 2, 4, 6, 7, 8, 9, 10, 12, 13], z = 402.1169179199999
oc=[2, 3, 5, 9, 11, 12, 13], z = 342.1197429504
oc=[2, 3, 5, 9, 12, 13], z = 372.51721056
oc=[2, 3, 5, 9, 12, 13], z = 372.51721056
oc=[1, 4, 5, 7, 8, 9, 12, 13], z = 369.04972416000004
oc=[1, 7, 8, 9, 10, 11, 12, 13], z = 376.52185587200006
oc=[1, 2, 5, 6, 8, 9, 11, 12, 13], z = 356.7932031034111
oc=[1, 2, 4, 9, 11, 12, 13], z = 352.1568
oc=[1, 2, 4, 9, 12, 13], z = 383.09680000000003
oc=[1, 2, 4, 9, 11, 12, 13], z = 352.1568
oc=[1, 2, 3, 5, 8, 9, 12, 13], z = 345.0418106634753
oc=[1, 2, 9, 11, 12, 13], z = 377.41999999999996
oc=[1, 2, 9, 12, 13], z = 408.35999999999996
oc=[1, 2, 9, 12, 13], z = 408.35999999999996
oc=[1, 2, 5, 9, 11, 12, 13], z = 347.72287936000004
oc=[1, 2, 5, 9, 12, 13], z = 375.52438399999994
oc=[1, 2, 5, 9, 12, 13], z = 375.52438399999994
oc=[1, 2, 4, 5, 6, 7, 9, 11, 12, 13], z = 326.03526356511315
oc=[1, 2, 4, 5, 6, 7, 9, 12, 13], z = 352.0441055193601
oc=[1, 2, 4, 5, 6, 7, 9, 11, 12, 13], z = 326.03526356511315
oc=[1, 2, 6, 7, 8, 9, 12, 13], z = 396.11743600000005
oc=[1, 2, 6, 7, 8, 9, 11, 12, 13], z = 371.29263600000013
oc=[1, 2, 6, 7, 8, 9, 12, 13], z = 396.11743600000005
oc=[1, 2, 6, 7, 8, 9, 12, 13], z = 396.11743600000005
oc=[3, 6, 8, 9, 10, 13], z = 391.862712
oc=[2, 3, 4, 5, 7, 8, 9, 10, 12, 13], z = 360.06898538239636
oc=[4, 7, 9, 10, 12, 13], z = 403.6344
oc=[1, 8, 9, 10, 13], z = 409.6144
oc=[2, 6, 7, 9, 12, 13], z = 389.84303600000004
oc=[1, 2, 4, 6, 9, 11, 12, 13], z = 360.6466880000001
oc=[1, 2, 4, 5, 6, 8, 9, 11, 12, 13], z = 332.7258278761308
oc=[1, 2, 6, 9, 11, 12, 13], z = 363.18
oc=[1, 2, 6, 9, 12, 13], z = 394.12
oc=[1, 2, 6, 9, 12, 13], z = 394.12
oc=[1, 2, 5, 6, 9, 11, 12, 13], z = 353.84953358527997
oc=[1, 2, 5, 6, 9, 12, 13], z = 384.22005139199996
oc=[1, 2, 5, 6, 9, 11, 12, 13], z = 353.84953358527997
oc=[1, 2, 5, 6, 8, 9, 12, 13], z = 381.59522381568
oc=[1, 2, 6, 8, 9, 11, 12, 13], z = 366.06960000000004
oc=[1, 2, 6, 8, 9, 12, 13], z = 390.8944
oc=[1, 2, 6, 8, 9, 11, 12, 13], z = 366.06960000000004
oc=[1, 2, 4, 5, 7, 8, 9, 10, 11, 12, 13], z = 326.7018177831527
oc=[1, 3, 4, 7, 9, 10, 11, 12, 13], z = 351.28987483050855
oc=[1, 2, 3, 4, 6, 7, 8, 9, 10, 13], z = 390.6594861241822
oc=[2, 3, 4, 5, 6, 7, 8, 9, 10, 13], z = 360.51413368143915
oc=[1, 2, 5, 7, 8, 9, 10, 12, 13], z = 392.11583616
oc=[3, 4, 5, 6, 9, 11, 12, 13], z = 333.7192342112743
oc=[3, 4, 5, 6, 9, 12, 13], z = 360.827961059328
oc=[3, 4, 5, 6, 9, 12, 13], z = 360.827961059328
oc=[2, 4, 7, 8, 9, 10, 11, 12, 13], z = 345.4480289950719
oc=[4, 7, 8, 9, 10, 11, 13], z = 368.66262399999994
oc=[1, 2, 3, 4, 6, 7, 8, 9, 10, 11, 13], z = 358.58801161484826
oc=[2, 3, 6, 7, 9, 10, 12, 13], z = 404.04843600000004
oc=[1, 4, 6, 7, 8, 9, 12, 13], z = 403.9856000000001
oc=[2, 3, 9, 10, 13], z = 406.211
oc=[1, 4, 5, 6, 8, 9, 11, 12, 13], z = 343.3342625170883
oc=[1, 4, 5, 6, 8, 9, 12, 13], z = 367.97067669360644
oc=[1, 4, 5, 6, 8, 9, 12, 13], z = 367.97067669360644
oc=[2, 3, 9, 11, 12, 13], z = 370.79099999999994
oc=[2, 3, 9, 12, 13], z = 401.731
oc=[2, 3, 9, 11, 12, 13], z = 370.79099999999994
oc=[1, 2, 4, 7, 8, 9, 10, 12, 13], z = 391.86080000000004
oc=[1, 2, 5, 8, 9, 11, 12, 13], z = 350.9104639744
oc=[1, 2, 4, 5, 6, 9, 11, 12, 13], z = 325.96591403223033
oc=[1, 2, 4, 5, 6, 9, 12, 13], z = 352.04834364416
oc=[1, 2, 4, 5, 6, 9, 11, 12, 13], z = 325.96591403223033
oc=[1, 2, 4, 8, 9, 11, 12, 13], z = 355.0464
oc=[1, 3, 5, 8, 9, 11, 12, 13], z = 314.145884771412
oc=[1, 2, 5, 7, 8, 9, 11, 12, 13], z = 356.0821759744
oc=[1, 2, 4, 5, 7, 8, 9, 11, 12, 13], z = 326.6637849343999
oc=[1, 2, 3, 4, 6, 7, 9, 12, 13], z = 379.7965427732035
oc=[1, 3, 5, 7, 8, 9, 11, 12, 13], z = 325.065884771412
oc=[1, 3, 7, 9, 11, 12, 13], z = 364.222968776
oc=[1, 2, 3, 6, 7, 8, 9, 13], z = 381.8571282962768
oc=[1, 2, 3, 5, 6, 7, 9, 11, 13], z = 321.5447905485893
oc=[1, 2, 6, 7, 9, 11, 12, 13], z = 368.40303600000004
oc=[1, 2, 6, 7, 9, 12, 13], z = 399.343036
oc=[1, 2, 6, 7, 9, 12, 13], z = 399.343036
oc=[1, 2, 5, 6, 7, 9, 11, 12, 13], z = 359.5693859052799
oc=[1, 2, 5, 6, 7, 9, 12, 13], z = 389.93990371200005
oc=[1, 2, 5, 6, 7, 9, 11, 12, 13], z = 359.5693859052799
oc=[1, 2, 5, 7, 8, 9, 11, 12, 13], z = 356.0821759744
oc=[1, 2, 5, 7, 8, 9, 12, 13], z = 380.78143616000006
oc=[1, 2, 5, 7, 8, 9, 12, 13], z = 380.78143616000006
oc=[3, 4, 7, 9, 10, 11, 12, 13], z = 359.09466208000003
oc=[2, 5, 7, 9, 10, 12, 13], z = 384.837856
oc=[5, 6, 7, 8, 9, 12, 13], z = 383.8009691136
oc=[1, 2, 4, 5, 6, 9, 10, 13], z = 356.52834364416003
oc=[1, 2, 6, 8, 9, 10, 13], z = 395.37440000000004
oc=[3, 4, 5, 9, 11, 12, 13], z = 324.6397429504
oc=[3, 4, 5, 9, 12, 13], z = 355.03721056
oc=[3, 4, 5, 9, 12, 13], z = 355.03721056
oc=[3, 4, 6, 8, 9, 12, 13], z = 389.553912
oc=[1, 4, 5, 6, 7, 9, 10, 11, 12, 13], z = 345.7767170220468
oc=[1, 4, 5, 7, 8, 9, 10, 11, 13], z = 348.7634879744
oc=[1, 5, 7, 8, 9, 10, 11, 12, 13], z = 360.19399604838395
oc=[1, 2, 3, 4, 7, 9, 10, 11], z = 352.7510583210176
oc=[1, 2, 3, 4, 5, 7, 8, 9, 10, 11, 13], z = 294.6212436466467
oc=[1, 5, 6, 7, 8, 9, 10, 11, 12, 13], z = 367.66311278918147
oc=[1, 4, 7, 8, 9, 10, 11, 12, 13], z = 372.70728099225596
oc=[2, 4, 6, 7, 8, 9, 10, 11, 12, 13], z = 356.50474626709
oc=[3, 6, 7, 8, 9, 10, 11, 12, 13], z = 368.9238701556121
oc=[2, 3, 7, 9, 10, 12, 13], z = 413.7206000000001
oc=[1, 2, 8, 9, 10, 11, 13], z = 384.7226240000001
oc=[1, 2, 7, 8, 9, 11, 12, 13], z = 380.9647999999999
oc=[1, 2, 7, 8, 9, 12, 13], z = 405.78960000000006
oc=[1, 2, 7, 8, 9, 11, 12, 13], z = 380.9647999999999
oc=[1, 2, 4, 6, 7, 8, 9, 10, 12, 13], z = 402.1169179199999
oc=[3, 4, 5, 8, 9, 12, 13], z = 355.5012644224
oc=[3, 5, 8, 9, 12, 13], z = 372.98126442239993
oc=[3, 5, 6, 8, 9, 12, 13], z = 378.8750647664639
oc=[2, 3, 5, 6, 9, 10, 11, 13], z = 350.845673724544
oc=[2, 4, 8, 9, 10, 13], z = 374.85120000000006
oc=[1, 7, 8, 9, 10, 11, 12, 13], z = 376.52185587200006
oc=[1, 4, 6, 7, 9, 11, 12, 13], z = 376.2712
oc=[5, 8, 9, 10, 13], z = 371.42037375999996
oc=[1, 2, 5, 6, 7, 8, 9, 11, 12, 13], z = 362.5130554234112
oc=[1, 2, 5, 6, 7, 8, 9, 12, 13], z = 387.31507613568
oc=[1, 2, 5, 6, 7, 8, 9, 11, 12, 13], z = 362.5130554234112
oc=[1, 2, 3, 6, 7, 8, 9, 11, 13], z = 351.0075744128334
oc=[1, 2, 4, 5, 6, 7, 8, 9, 11, 12, 13], z = 333.3363502346733
oc=[1, 2, 4, 5, 6, 7, 8, 9, 12, 13], z = 357.9639039128433
oc=[1, 2, 4, 5, 6, 7, 8, 9, 11, 12, 13], z = 333.3363502346733
oc=[1, 3, 6, 7, 8, 9, 11, 12, 13], z = 364.66112453995214
oc=[1, 2, 7, 8, 9, 11, 13], z = 372.5648
oc=[2, 3, 5, 7, 8, 9, 11, 13], z = 344.240689238016
oc=[2, 3, 4, 5, 7, 8, 9, 11, 13], z = 314.8222981979905
oc=[2, 3, 4, 5, 7, 8, 9, 13], z = 340.3345853821169
oc=[2, 3, 4, 5, 7, 8, 9, 11, 13], z = 314.8222981979905
oc=[1, 2, 4, 5, 7, 9, 11, 12, 13], z = 323.47620032000003
oc=[1, 2, 7, 9, 11, 12, 13], z = 378.07520000000005
oc=[1, 2, 7, 9, 12, 13], z = 409.0152
oc=[1, 2, 7, 9, 12, 13], z = 409.0152
oc=[2, 7, 9, 12, 13], z = 399.51519999999994
oc=[3, 4, 6, 7, 8, 9, 10, 11, 12, 13], z = 372.65373067760356
oc=[1, 4, 5, 7, 9, 12, 13], z = 368.964384
oc=[1, 4, 6, 8, 9, 10, 13], z = 397.5455999999999
oc=[3, 5, 8, 9, 11, 12, 13], z = 347.46897723801595
oc=[3, 5, 8, 9, 12, 13], z = 372.98126442239993
oc=[3, 5, 8, 9, 12, 13], z = 372.98126442239993
oc=[1, 2, 5, 7, 9, 11, 12, 13], z = 352.89459135999994
oc=[1, 2, 5, 7, 9, 12, 13], z = 380.696096
oc=[1, 2, 5, 7, 9, 11, 12, 13], z = 352.89459135999994
oc=[1, 2, 4, 7, 8, 9, 11, 12, 13], z = 355.7016
oc=[1, 2, 4, 7, 8, 9, 12, 13], z = 380.52639999999997
oc=[1, 2, 4, 7, 8, 9, 11, 12, 13], z = 355.7016
oc=[2, 4, 5, 7, 9, 13], z = 335.68506496
oc=[1, 3, 6, 7, 9, 11, 12, 13], z = 358.84845388536
oc=[1, 2, 4, 5, 7, 9, 11, 12, 13], z = 323.47620032000003
oc=[1, 2, 4, 5, 7, 9, 12, 13], z = 351.27770495999994
oc=[1, 2, 4, 5, 7, 9, 12, 13], z = 351.27770495999994
oc=[2, 3, 7, 9, 11, 13], z = 363.0462
oc=[1, 2, 5, 7, 9, 10, 11, 12, 13], z = 347.825686484224
oc=[1, 2, 5, 7, 8, 9, 10, 11, 12, 13], z = 354.878830052608
oc=[1, 2, 5, 7, 8, 9, 10, 12, 13], z = 392.11583616
oc=[1, 2, 5, 7, 8, 9, 10, 12, 13], z = 392.11583616
oc=[1, 5, 6, 8, 9, 11, 12, 13], z = 356.7932031034112
oc=[1, 5, 6, 8, 9, 12, 13], z = 381.59522381567996
oc=[1, 5, 6, 8, 9, 11, 12, 13], z = 356.7932031034112
oc=[1, 4, 6, 8, 9, 11, 12, 13], z = 368.24080000000004
oc=[1, 4, 6, 8, 9, 12, 13], z = 393.0656
oc=[1, 4, 6, 8, 9, 11, 12, 13], z = 368.24080000000004
oc=[2, 3, 4, 5, 6, 7, 9, 10, 12, 13], z = 361.4457833124457
oc=[2, 4, 6, 7, 9, 10, 11, 12, 13], z = 349.11446862910975
oc=[2, 3, 6, 7, 9, 10, 11, 12, 13], z = 356.76045986387214
oc=[1, 4, 5, 6, 7, 9, 10, 13], z = 378.24865788415997
oc=[1, 2, 4, 5, 6, 7, 8, 9, 10, 13], z = 362.4439039128433
oc=[2, 3, 6, 7, 8, 9, 10, 12, 13], z = 403.940148
oc=[2, 3, 4, 7, 8, 9, 10, 11, 12, 13], z = 348.3866716728523
oc=[1, 2, 4, 7, 9, 10, 13], z = 388.23199999999997
oc=[1, 4, 7, 9, 10, 11, 13], z = 373.6656
oc=[4, 7, 9, 11, 12, 13], z = 361.36000000000007
oc=[2, 3, 4, 5, 7, 9, 12, 13], z = 348.27053151886787
oc=[5, 7, 8, 9, 11, 12, 13], z = 353.1051216384
oc=[2, 3, 4, 5, 6, 7, 8, 9, 11, 12, 13], z = 330.6590543497747
oc=[2, 3, 4, 7, 8, 9, 11, 13], z = 343.08072351999994
oc=[2, 3, 4, 7, 8, 9, 13], z = 368.61471199999994
oc=[2, 3, 4, 7, 8, 9, 13], z = 368.61471199999994
oc=[2, 3, 4, 5, 6, 7, 8, 9, 11, 13], z = 322.25905434977227
oc=[2, 3, 4, 6, 7, 9, 11, 12, 13], z = 356.43911792000006
oc=[4, 5, 7, 8, 9, 13], z = 351.9803737599999
oc=[5, 6, 7, 8, 9, 11, 12, 13], z = 358.98381938022396
oc=[2, 3, 7, 8, 9, 11, 12, 13], z = 376.74392351999995
oc=[2, 3, 6, 7, 8, 9, 12, 13], z = 392.605748
oc=[3, 4, 7, 8, 9, 11, 12, 13], z = 369.5287235200001
oc=[2, 3, 4, 6, 7, 8, 9, 12, 13], z = 387.2708299200001
oc=[2, 3, 4, 5, 7, 8, 9, 12, 13], z = 348.7345853823547
oc=[4, 6, 7, 9, 12, 13], z = 397.7112
oc=[1, 6, 8, 9, 11, 12, 13], z = 366.06960000000004
oc=[1, 6, 8, 9, 12, 13], z = 390.8944
oc=[1, 6, 8, 9, 12, 13], z = 390.8944
oc=[2, 5, 9, 10, 13], z = 372.811744
oc=[9, 12, 13, 7], z = 409.78000000000003
oc=[2, 3, 4, 5, 6, 9, 11, 12, 13], z = 323.07476248791164
oc=[2, 3, 4, 5, 6, 9, 12, 13], z = 350.11562143725564
oc=[2, 3, 4, 5, 6, 9, 11, 12, 13], z = 323.07476248791164
oc=[2, 7, 8, 9, 10, 13], z = 400.76959999999997
oc=[2, 4, 7, 8, 9, 11, 12, 13], z = 346.2016
oc=[2, 3, 7, 8, 9, 12, 13], z = 402.277912
oc=[3, 8, 9, 11, 12, 13], z = 376.08872352
oc=[3, 8, 9, 12, 13], z = 401.622712
oc=[3, 8, 9, 12, 13], z = 401.622712
oc=[1, 2, 5, 7, 9, 10, 13], z = 385.176096
oc=[2, 3, 6, 7, 8, 9, 11, 12, 13], z = 367.07175952000006
oc=[2, 3, 6, 7, 8, 9, 12, 13], z = 392.605748
oc=[2, 3, 6, 7, 8, 9, 12, 13], z = 392.605748
oc=[1, 2, 4, 5, 6, 8, 9, 10, 13], z = 361.83632506060803
oc=[1, 3, 4, 5, 8, 9, 10, 11, 13], z = 301.2267981746544
oc=[1, 2, 4, 5, 9, 10, 11, 13], z = 325.26527935999997
oc=[1, 2, 6, 8, 9, 10, 13], z = 395.37440000000004
oc=[1, 2, 4, 8, 9, 10, 11, 13], z = 359.459424
oc=[1, 2, 8, 9, 10, 13], z = 409.61440000000005
oc=[1, 2, 6, 8, 9, 10, 11, 13], z = 370.482624
oc=[1, 2, 6, 8, 9, 10, 13], z = 395.37440000000004
oc=[1, 2, 6, 8, 9, 10, 11, 13], z = 370.482624
oc=[1, 6, 7, 9, 11, 12, 13], z = 374.1
oc=[1, 4, 8, 9, 10, 11, 13], z = 367.242624
oc=[3, 4, 5, 6, 8, 9, 11, 12, 13], z = 340.60550370445094
oc=[3, 4, 5, 6, 8, 9, 12, 13], z = 365.98624125837307
oc=[3, 4, 5, 6, 8, 9, 11, 12, 13], z = 340.60550370445094
oc=[3, 5, 6, 8, 9, 11, 12, 13], z = 353.3434634289817
oc=[3, 5, 6, 8, 9, 12, 13], z = 378.8750647664639
oc=[3, 5, 6, 8, 9, 12, 13], z = 378.8750647664639
oc=[3, 4, 7, 9, 11, 12, 13], z = 364.23100000000005
oc=[2, 4, 6, 7, 9, 11, 12, 13], z = 353.56811791999996
oc=[3, 5, 6, 7, 8, 9, 11, 12, 13], z = 364.2634634289817
oc=[3, 4, 6, 7, 9, 12, 13], z = 400.58220000000006
oc=[3, 4, 7, 8, 9, 12, 13], z = 395.06271200000003
oc=[2, 7, 9, 10, 11, 13], z = 371.3808
oc=[3, 7, 9, 11, 12, 13], z = 381.711
oc=[1, 4, 5, 6, 7, 9, 10, 13], z = 378.24865788415997
oc=[3, 6, 8, 9, 11, 12, 13], z = 361.84872352
oc=[3, 6, 8, 9, 12, 13], z = 387.38271199999997
oc=[3, 6, 8, 9, 12, 13], z = 387.38271199999997
oc=[1, 2, 5, 8, 9, 10, 11, 13], z = 355.32348797439994
oc=[1, 2, 5, 8, 9, 10, 13], z = 380.08972415999995
oc=[1, 2, 5, 8, 9, 10, 11, 13], z = 355.32348797439994
oc=[1, 2, 4, 5, 6, 9, 10, 11, 13], z = 329.88147459594234
oc=[2, 9, 10, 12, 13], z = 410.19440000000003
oc=[6, 8, 9, 10, 11, 12, 13], z = 355.0816693035521
oc=[1, 2, 3, 4, 5, 8, 9, 10, 11, 13], z = 293.5670993983232
oc=[4, 5, 6, 9, 10, 11, 12, 13], z = 326.95947651267136
oc=[3, 5, 7, 8, 9, 10, 12], z = 383.837264
oc=[9, 10, 11, 6], z = 345.82559999999995
oc=[2, 3, 4, 5, 6, 8, 9, 10], z = 348.978729117696
oc=[1, 2, 8, 9, 10, 11, 13], z = 384.7226240000001
oc=[1, 2, 8, 9, 10, 13], z = 409.61440000000005
oc=[1, 2, 8, 9, 10, 13], z = 409.61440000000005
oc=[1, 2, 5, 6, 8, 9, 10, 11, 13], z = 361.20622710341115
oc=[1, 2, 5, 6, 8, 9, 10, 13], z = 386.07522381568
oc=[1, 2, 5, 6, 8, 9, 10, 11, 13], z = 361.20622710341115
oc=[1, 2, 5, 9, 10, 13], z = 380.00438399999996
oc=[1, 2, 6, 9, 10, 13], z = 398.6
oc=[4, 6, 9, 10, 11, 13], z = 358.65680000000003
oc=[2, 3, 4, 5, 6, 9, 10, 13], z = 354.59562143725566
oc=[3, 4, 5, 9, 10, 12, 13], z = 366.37161056
oc=[1, 2, 4, 5, 9, 10, 12, 13], z = 361.59558400000003
oc=[4, 5, 6, 8, 9, 10, 11, 13], z = 339.71643072761856
oc=[2, 3, 8, 9, 10, 12], z = 401.66440000000006
oc=[2, 3, 4, 6, 7, 8, 9, 10, 12], z = 387.31251792000006
oc=[1, 3, 4, 9, 10, 12], z = 399.2112184
oc=[2, 3, 5, 7, 8, 9, 11, 12, 13], z = 352.64068923801597
oc=[2, 3, 5, 7, 8, 9, 12, 13], z = 378.1529764224
oc=[2, 3, 5, 7, 8, 9, 12, 13], z = 378.1529764224
oc=[1, 2, 5, 7, 8, 9, 10, 12], z = 379.82832640000004
oc=[3, 4, 6, 9, 10, 11, 12], z = 347.6357884288
oc=[3, 4, 5, 6, 9, 10, 11, 12], z = 322.88520771260414
oc=[9, 10, 12], z = 399.5344
oc=[2, 4, 6, 8, 9, 10, 11, 12], z = 342.9389626741761
oc=[4, 5, 6, 9, 10, 11], z = 321.310688154112
oc=[2, 4, 6, 9, 10, 12], z = 382.76108800000003
oc=[3, 7, 9, 10, 12], z = 417.3844
oc=[1, 2, 4, 8, 9, 10, 12], z = 378.9712
oc=[2, 4, 6, 9, 10, 11, 12], z = 336.00127642880005
oc=[3, 8, 9, 10, 12], z = 401.6644
oc=[1, 2, 3, 7, 8, 9, 10, 12], z = 412.67485067232
oc=[3, 4, 5, 8, 9, 10, 12], z = 355.437264
oc=[2, 9, 10, 11, 12], z = 343.712816
oc=[3, 4, 5, 6, 8, 9, 10, 12], z = 365.8791894272
oc=[3, 6, 8, 9, 10], z = 380.57
oc=[1, 3, 4, 6, 9, 10], z = 397.89123142400007
oc=[2, 3, 5, 7, 9, 10, 11, 12], z = 335.3837511242241
oc=[2, 3, 4, 7, 8, 9, 10, 12], z = 377.05639999999994
oc=[2, 3, 9, 10, 11], z = 366.9956
oc=[2, 3, 4, 5, 6, 7, 8, 9, 11, 12, 13], z = 330.6590543497747
oc=[2, 3, 4, 5, 6, 7, 8, 9, 12, 13], z = 356.03413368143646
oc=[2, 3, 4, 5, 6, 7, 8, 9, 11, 12, 13], z = 330.6590543497747
oc=[2, 3, 5, 7, 9, 12, 13], z = 377.68892256
oc=[2, 3, 4, 9, 11, 12, 13], z = 345.5278
oc=[2, 3, 4, 9, 12, 13], z = 376.4678
oc=[2, 3, 4, 9, 11, 12, 13], z = 345.5278
oc=[2, 3, 8, 9, 11, 12, 13], z = 376.08872352000003
oc=[2, 3, 8, 9, 12, 13], z = 401.622712
oc=[2, 3, 8, 9, 12, 13], z = 401.622712
oc=[3, 4, 6, 7, 8, 9, 11, 12, 13], z = 374.9399235200001
oc=[2, 3, 4, 5, 7, 8, 9, 10, 12], z = 348.6705849599999
oc=[2, 3, 6, 7, 8, 9, 10, 11, 12], z = 356.6872144110721
oc=[5, 7, 8, 9, 10, 12], z = 376.907264
oc=[2, 4, 7, 9, 10, 11, 12], z = 327.80441008281605
oc=[1, 2, 7, 9, 10], z = 402.83520000000004
oc=[1, 2, 3, 5, 9, 10, 11], z = 342.64053017471997
oc=[1, 4, 5, 6, 8, 9, 10, 11], z = 335.51260924320763
oc=[1, 2, 8, 9, 10, 12, 13], z = 416.46880000000004
oc=[2, 3, 4, 6, 8, 9, 10, 12, 13], z = 396.18379999999996
oc=[3, 4, 6, 8, 9, 11, 12, 13], z = 364.01992352
oc=[3, 4, 6, 8, 9, 12, 13], z = 389.553912
oc=[3, 4, 6, 8, 9, 12, 13], z = 389.553912
oc=[1, 2, 4, 9, 10, 12, 13], z = 394.43120000000005
oc=[4, 5, 6, 7, 8, 9, 10, 11, 13], z = 350.6364307276185
oc=[5, 7, 9, 10, 13], z = 383.73174399999994
oc=[1, 5, 7, 9, 12, 13], z = 386.444384
oc=[3, 5, 6, 8, 9, 10, 12, 13], z = 390.20946476646395
oc=[1, 2, 4, 6, 7, 9, 10, 11, 13], z = 365.87371792
oc=[1, 2, 6, 7, 9, 10, 13], z = 403.82303600000006
oc=[2, 7, 8, 9, 10, 11, 13], z = 375.87782400000003
oc=[1, 5, 9, 10, 11, 12, 13], z = 342.22085248
oc=[1, 3, 5, 8, 9, 10, 11, 12, 13], z = 296.54089640558317
oc=[1, 4, 5, 8, 9, 10, 12, 13], z = 369.46412416
oc=[2, 3, 4, 6, 9, 10, 11, 12, 13], z = 349.53227642880006
oc=[2, 3, 4, 5, 6, 8, 9, 10, 12, 13], z = 367.27809992842583
oc=[1, 5, 8, 9, 10, 12, 13], z = 386.94412416
oc=[2, 3, 4, 6, 7, 9, 12, 13], z = 387.37911792
oc=[1, 5, 7, 9, 10, 11, 13], z = 361.4484793600001
oc=[1, 2, 3, 4, 6, 7, 9, 10, 13], z = 384.27654277320346
oc=[1, 3, 4, 6, 7, 8, 9, 10, 11, 13], z = 371.6433962255185
oc=[2, 3, 8, 9, 10, 12, 13], z = 412.95711200000005
oc=[1, 4, 5, 6, 9, 12, 13], z = 362.84865788416005
oc=[4, 7, 9, 10, 11, 13], z = 364.1655999999999
oc=[2, 3, 6, 7, 8, 9, 10, 13], z = 397.0857480000001
oc=[1, 2, 3, 4, 7, 9, 10, 13], z = 373.5692503018496
oc=[1, 4, 5, 6, 7, 9, 11, 12, 13], z = 347.53830347120635
oc=[1, 7, 8, 9, 12, 13], z = 416.05439999999993
oc=[2, 3, 4, 5, 7, 9, 11, 12, 13], z = 317.8730639102981
oc=[2, 4, 5, 7, 9, 11, 12, 13], z = 314.88376192
oc=[2, 3, 5, 6, 7, 8, 9, 11, 12, 13], z = 359.0633157489818
oc=[2, 3, 5, 6, 7, 8, 9, 12, 13], z = 384.59491708646397
oc=[2, 3, 5, 6, 7, 8, 9, 11, 12, 13], z = 359.0633157489818
oc=[2, 3, 5, 6, 7, 9, 11, 12, 13], z = 353.75992604454404
oc=[2, 4, 5, 7, 8, 9, 12, 13], z = 342.69369472
oc=[2, 3, 4, 6, 7, 8, 9, 11, 12, 13], z = 361.73684144
oc=[2, 3, 4, 6, 7, 8, 9, 12, 13], z = 387.2708299200001
oc=[2, 3, 4, 6, 7, 8, 9, 11, 12, 13], z = 361.73684144
oc=[2, 3, 5, 6, 7, 8, 9, 11, 13], z = 350.66331574898174
oc=[2, 4, 6, 7, 9, 12, 13], z = 384.50811792
oc=[2, 7, 9, 11, 12, 13], z = 368.5752
oc=[2, 6, 7, 9, 11, 12, 13], z = 358.90303600000004
oc=[2, 4, 7, 9, 12, 13], z = 374.252
oc=[5, 6, 7, 9, 11, 12, 13], z = 356.0760605055999
oc=[2, 3, 7, 9, 11, 12, 13], z = 371.4462
oc=[2, 3, 7, 9, 12, 13], z = 402.3862
oc=[2, 3, 7, 9, 12, 13], z = 402.3862
oc=[2, 3, 4, 6, 7, 9, 11, 12, 13], z = 356.43911792000006
oc=[2, 3, 4, 6, 7, 9, 12, 13], z = 387.37911792
oc=[2, 3, 4, 6, 7, 9, 11, 12, 13], z = 356.43911792000006
oc=[4, 5, 6, 7, 9, 11, 12, 13], z = 340.08393722675197
oc=[2, 3, 4, 5, 6, 7, 9, 11, 13], z = 314.7441120207244
oc=[2, 3, 4, 5, 6, 7, 9, 11, 12, 13], z = 323.14411202078327
oc=[2, 3, 4, 5, 6, 7, 9, 12, 13], z = 350.11138331233116
oc=[2, 3, 4, 5, 6, 7, 9, 11, 12, 13], z = 323.14411202078327
oc=[2, 3, 7, 8, 9, 11, 12, 13], z = 376.74392351999995
oc=[2, 3, 7, 8, 9, 12, 13], z = 402.277912
oc=[2, 3, 7, 8, 9, 11, 12, 13], z = 376.74392351999995
oc=[3, 4, 5, 7, 9, 11, 12, 13], z = 335.55974295040005
oc=[3, 5, 6, 7, 8, 9, 11, 12, 13], z = 364.2634634289817
oc=[5, 7, 8, 9, 11, 12, 13], z = 353.1051216384
oc=[3, 7, 9, 11, 12, 13], z = 381.711
oc=[3, 7, 9, 12, 13], z = 412.651
oc=[3, 7, 9, 11, 12, 13], z = 381.711
oc=[3, 5, 6, 7, 9, 11, 12, 13], z = 358.9600737245439
oc=[3, 4, 6, 7, 8, 9, 11, 12, 13], z = 374.9399235200001
oc=[3, 4, 6, 7, 8, 9, 12, 13], z = 400.47391200000004
oc=[3, 4, 6, 7, 8, 9, 11, 12, 13], z = 374.9399235200001
oc=[3, 5, 7, 8, 9, 12, 13], z = 383.9012644224
oc=[3, 4, 5, 6, 7, 8, 9, 11, 12, 13], z = 351.525503704451
oc=[3, 4, 5, 6, 7, 8, 9, 12, 13], z = 376.90624125837303
oc=[3, 4, 5, 6, 7, 8, 9, 11, 12, 13], z = 351.525503704451
oc=[3, 4, 6, 7, 9, 11, 12, 13], z = 369.64220000000006
oc=[3, 5, 7, 9, 11, 12, 13], z = 353.0397429504
oc=[3, 5, 7, 9, 12, 13], z = 383.43721056
oc=[3, 5, 7, 9, 11, 12, 13], z = 353.0397429504
oc=[5, 6, 7, 9, 11, 12, 13], z = 356.0760605055999
oc=[5, 6, 7, 9, 12, 13], z = 386.82480383999996
oc=[5, 6, 7, 9, 12, 13], z = 386.82480383999996
oc=[1, 2, 4, 6, 8, 9, 10, 11, 12, 13], z = 363.5515540667801
oc=[1, 2, 5, 9, 10, 11, 12, 13], z = 342.22085247999996
oc=[2, 3, 4, 5, 6, 8, 9, 10, 11, 13], z = 334.35262479684866
oc=[1, 2, 3, 5, 6, 8, 9, 10], z = 377.57504423616
oc=[3, 5, 6, 9, 10], z = 376.50875199999996
oc=[2, 5, 6, 7, 9, 10], z = 375.29860432
oc=[7, 9, 11, 12, 13], z = 378.84000000000003
oc=[1, 3, 6, 8, 9, 10, 11], z = 366.04279871408005
oc=[1, 5, 6, 7, 8, 9, 11, 12, 13], z = 367.7132031034113
oc=[1, 5, 6, 7, 8, 9, 12, 13], z = 392.51522381568
oc=[1, 5, 6, 7, 8, 9, 11, 12, 13], z = 367.7132031034113
oc=[1, 5, 6, 7, 8, 9, 10], z = 384.71007744
oc=[3, 4, 5, 8, 9, 11, 12, 13], z = 329.9889772380161
oc=[3, 4, 5, 8, 9, 12, 13], z = 355.5012644224
oc=[3, 4, 5, 8, 9, 11, 12, 13], z = 329.9889772380161
oc=[2, 4, 5, 6, 7, 9, 11, 12, 13], z = 318.5808973206587
oc=[2, 4, 5, 6, 7, 9, 12, 13], z = 344.7616569152
oc=[2, 4, 5, 6, 7, 9, 11, 12, 13], z = 318.5808973206587
oc=[2, 6, 7, 8, 9, 12, 13], z = 386.61743600000005
oc=[2, 3, 4, 5, 6, 9, 10], z = 344.18815104000004
oc=[2, 9, 10, 3], z = 399.61
oc=[2, 3, 6, 9, 10, 11], z = 352.7556000000001
oc=[8, 9, 10, 6], z = 373.64
oc=[1, 2, 6, 7, 9, 10], z = 393.16303600000003
oc=[6, 7, 9, 11, 12, 13], z = 364.6000000000001
oc=[6, 7, 9, 12, 13], z = 395.53999999999996
oc=[6, 7, 9, 11, 12, 13], z = 364.6000000000001
oc=[3, 6, 7, 8, 9, 11, 12, 13], z = 372.76872352
oc=[3, 6, 7, 8, 9, 12, 13], z = 398.30271199999993
oc=[3, 6, 7, 8, 9, 11, 12, 13], z = 372.76872352
oc=[1, 2, 3, 4, 5, 6, 8, 9, 10], z = 351.53547161384955
oc=[1, 2, 3, 4, 8, 9, 10, 11], z = 355.01978561024
oc=[1, 2, 5, 6, 9, 10, 11], z = 345.88095423999994
oc=[2, 6, 8, 9, 10, 12], z = 380.49440000000004
oc=[9, 10, 12, 6], z = 385.29440000000005
oc=[1, 3, 8, 9, 10, 11, 12], z = 363.92447012800005
oc=[1, 5, 8, 9, 10, 11, 12], z = 338.3413046784
oc=[1, 2, 3, 9, 10, 11], z = 377.2051132
oc=[1, 2, 3, 4, 5, 6, 9, 10], z = 345.39136441088
oc=[1, 2, 3, 8, 9, 10, 11, 12], z = 363.92447012799994
oc=[1, 2, 3, 4, 6, 9, 10, 11, 12, 13], z = 341.974887151356
oc=[8, 9, 10, 11, 13], z = 375.222624
oc=[6, 8, 9, 10, 13], z = 385.8743999999999
oc=[2, 4, 5, 8, 9, 10, 13], z = 346.15717376000003
oc=[2, 3, 5, 6, 9, 10, 11, 13], z = 350.845673724544
oc=[2, 3, 5, 6, 9, 10, 13], z = 383.4003951616
oc=[2, 3, 5, 6, 9, 10, 13], z = 383.4003951616
oc=[2, 3, 9, 10, 11, 13], z = 373.5966
oc=[3, 9, 10, 11, 13], z = 373.59659999999997
oc=[3, 4, 7, 8, 9, 10, 11, 13], z = 373.28929411840005
oc=[1, 5, 6, 8, 9, 10, 11, 13], z = 361.20622710341127
oc=[1, 5, 6, 8, 9, 10, 13], z = 386.07522381568003
oc=[1, 5, 6, 8, 9, 10, 13], z = 386.07522381568003
oc=[1, 2, 4, 5, 9, 11, 12, 13], z = 322.45967936
oc=[1, 2, 4, 5, 9, 12, 13], z = 350.26118400000007
oc=[1, 2, 4, 5, 9, 12, 13], z = 350.26118400000007
oc=[1, 2, 8, 9, 11, 12, 13], z = 380.30960000000005
oc=[1, 2, 8, 9, 12, 13], z = 405.1344
oc=[1, 2, 8, 9, 11, 12, 13], z = 380.30960000000005
oc=[1, 2, 5, 8, 9, 11, 12, 13], z = 350.9104639744
oc=[1, 2, 5, 8, 9, 12, 13], z = 375.60972416
oc=[1, 2, 5, 8, 9, 12, 13], z = 375.60972416
oc=[3, 4, 7, 8, 9, 11, 12, 13], z = 369.5287235200001
oc=[1, 2, 3, 4, 6, 7, 9, 10, 13], z = 384.27654277320346
oc=[2, 3, 6, 9, 10, 11, 13], z = 359.35660000000007
oc=[2, 3, 6, 9, 10, 13], z = 391.971
oc=[2, 3, 6, 9, 10, 13], z = 391.971
oc=[2, 3, 4, 5, 6, 7, 8, 9, 10, 11, 13], z = 334.44659649569934
oc=[6, 7, 9, 10, 13], z = 400.02
oc=[5, 7, 9, 10, 13], z = 383.73174399999994
oc=[1, 2, 5, 6, 8, 9, 11, 12, 13], z = 356.7932031034111
oc=[1, 2, 5, 6, 8, 9, 12, 13], z = 381.59522381568
oc=[1, 2, 5, 6, 8, 9, 12, 13], z = 381.59522381568
oc=[1, 2, 4, 5, 9, 10, 13], z = 354.741184
oc=[1, 2, 4, 6, 8, 9, 10, 11, 13], z = 367.9493119999999
oc=[1, 2, 4, 6, 8, 9, 10, 13], z = 392.841088
oc=[1, 2, 4, 6, 8, 9, 10, 13], z = 392.841088
oc=[1, 2, 4, 5, 6, 8, 9, 10, 11, 13], z = 337.18325029867935
oc=[1, 2, 4, 5, 6, 8, 9, 10, 13], z = 361.83632506060803
oc=[1, 2, 4, 5, 6, 8, 9, 10, 13], z = 361.83632506060803
oc=[1, 2, 6, 9, 10, 11, 13], z = 365.9856000000001
oc=[1, 2, 6, 9, 10, 13], z = 398.6
oc=[1, 2, 6, 9, 10, 11, 13], z = 365.9856000000001
oc=[1, 3, 6, 9, 10, 13], z = 383.317273376
oc=[1, 2, 3, 5, 6, 9, 10, 13], z = 358.8221773792
oc=[1, 2, 8, 9, 10, 11, 12, 13], z = 365.601855872
oc=[1, 2, 3, 4, 5, 6, 8, 9, 10, 13], z = 313.6331243746764
oc=[1, 2, 3, 4, 5, 6, 9, 10], z = 345.39136441088
oc=[1, 2, 4, 5, 8, 9, 10, 11, 13], z = 330.0602879744
oc=[1, 2, 4, 5, 8, 9, 10, 13], z = 354.82652415999996
oc=[1, 2, 4, 5, 8, 9, 10, 11, 13], z = 330.0602879744
oc=[1, 2, 4, 5, 6, 9, 10, 11, 12, 13], z = 324.22623820459853
oc=[1, 4, 5, 6, 8, 9, 10, 11, 12], z = 332.4311303069871
oc=[1, 2, 9, 10, 11, 13], z = 380.2256
oc=[1, 2, 9, 10, 13], z = 412.84000000000003
oc=[1, 2, 9, 10, 13], z = 412.84000000000003
oc=[1, 2, 5, 6, 9, 10, 11, 13], z = 356.65513358527994
oc=[1, 2, 5, 6, 9, 10, 13], z = 388.700051392
oc=[1, 2, 5, 6, 9, 10, 11, 13], z = 356.65513358527994
oc=[1, 8, 9, 10, 11, 13], z = 384.722624
oc=[1, 8, 9, 10, 13], z = 409.6144
oc=[1, 8, 9, 10, 13], z = 409.6144
oc=[1, 3, 5, 6, 7, 9, 10, 11, 13], z = 337.92739755120664
oc=[1, 3, 6, 7, 8, 9, 10, 13], z = 400.03235429888
oc=[1, 2, 3, 7, 9, 10, 13], z = 393.00266677312
oc=[3, 5, 6, 8, 9, 10, 11, 13], z = 357.10403402738166
oc=[2, 4, 6, 9, 10, 13], z = 386.566688
oc=[1, 4, 7, 8, 9, 11, 12, 13], z = 373.7496
oc=[1, 4, 7, 8, 9, 12, 13], z = 398.57439999999997
oc=[1, 4, 7, 8, 9, 12, 13], z = 398.57439999999997
oc=[2, 7, 9, 10, 11, 13], z = 371.3808
oc=[3, 5, 6, 7, 8, 9, 11, 12, 13], z = 364.2634634289817
oc=[3, 5, 6, 7, 8, 9, 12, 13], z = 389.7950647664639
oc=[3, 5, 6, 7, 8, 9, 11, 12, 13], z = 364.2634634289817
oc=[4, 5, 6, 7, 9, 11, 12, 13], z = 340.08393722675197
oc=[4, 5, 6, 7, 9, 12, 13], z = 366.48620927999997
oc=[4, 5, 6, 7, 9, 12, 13], z = 366.48620927999997
oc=[2, 4, 5, 7, 8, 9, 12, 13], z = 342.69369472
oc=[4, 5, 6, 8, 9, 10, 11, 13], z = 339.71643072761856
oc=[3, 6, 9, 10, 11, 13], z = 359.35659999999996
oc=[3, 4, 5, 8, 9, 10, 11, 13], z = 333.749547836416
oc=[4, 6, 9, 10, 11, 13], z = 358.65680000000003
oc=[1, 2, 6, 8, 9, 10, 12, 13], z = 402.22880000000004
oc=[1, 2, 4, 8, 9, 10, 12, 13], z = 391.2056
oc=[3, 4, 5, 6, 9, 10, 11, 12, 13], z = 330.3073450764608
oc=[3, 6, 8, 9, 10, 11, 12, 13], z = 358.00387015561216
oc=[3, 5, 6, 9, 10, 13], z = 383.40039516159993
oc=[3, 4, 5, 6, 9, 10, 11, 13], z = 337.18426178217544
oc=[5, 6, 8, 9, 10, 11, 13], z = 352.47684338022395
oc=[5, 6, 8, 9, 10, 13], z = 377.36096911360005
oc=[5, 6, 8, 9, 10, 13], z = 377.36096911360005
oc=[2, 9, 10, 11, 13], z = 370.7256
oc=[5, 8, 9, 10, 11, 13], z = 346.59814563839996
oc=[3, 5, 6, 9, 10, 11, 13], z = 350.84567372454393
oc=[3, 5, 6, 9, 10, 13], z = 383.40039516159993
oc=[3, 5, 6, 9, 10, 11, 13], z = 350.84567372454393
oc=[1, 2, 3, 6, 8, 9, 10], z = 390.927645712
oc=[5, 6, 8, 9, 10], z = 365.12072704
oc=[8, 9, 10, 11, 12, 13], z = 356.101855872
oc=[2, 3, 8, 9, 10, 11], z = 369.918224
oc=[1, 3, 4, 9, 10], z = 392.35681840000007
oc=[2, 3, 6, 7, 9, 10], z = 390.593036
oc=[3, 4, 6, 8, 9, 10], z = 382.74120000000005
oc=[1, 6, 7, 8, 9, 10, 11], z = 369.168224
oc=[1, 2, 3, 4, 8, 9, 10], z = 379.90652233599997
oc=[2, 3, 4, 5, 6, 8, 9, 10], z = 348.978729117696
oc=[8, 9, 10, 11], z = 362.98822399999995
oc=[2, 3, 4, 6, 9, 10], z = 382.8366880000001
oc=[2, 3, 4, 5, 6, 9, 10, 11], z = 317.588298715136
oc=[2, 3, 4, 5, 6, 9, 10], z = 344.18815104000004
oc=[2, 3, 4, 5, 6, 9, 10, 11], z = 317.588298715136
oc=[2, 3, 4, 6, 8, 9, 10, 11], z = 353.14491200000003
oc=[9, 10, 4, 6], z = 380.6112
oc=[1, 2, 3, 4, 5, 6, 8, 9, 10, 11], z = 326.9110417782468
oc=[1, 5, 6, 8, 9, 10, 11], z = 348.9672599296
oc=[1, 6, 9, 10, 12], z = 394.7944
oc=[1, 5, 9, 10, 12], z = 374.87104
oc=[1, 2, 6, 7, 8, 9, 10], z = 388.3630360000001
oc=[2, 4, 8, 9, 10, 11, 12], z = 333.5097378816
oc=[2, 4, 5, 8, 9, 10, 12], z = 340.72406400000006
oc=[3, 4, 6, 9, 10, 12], z = 394.39560000000006
oc=[1, 2, 4, 6, 8, 9, 10, 12], z = 387.46108799999996
oc=[2, 3, 9, 10, 11, 12], z = 350.64281600000004
oc=[2, 3, 6, 8, 9, 10, 12], z = 387.4244000000001
oc=[2, 4, 7, 9, 10, 11], z = 335.4576
oc=[3, 4, 7, 9, 10], z = 393.05000000000007
oc=[3, 4, 5, 9, 10, 11, 12], z = 313.3082186496
oc=[2, 5, 6, 9, 10, 12], z = 376.433152
oc=[2, 3, 4, 5, 6, 7, 8, 9, 10], z = 349.0691628655514
oc=[4, 5, 6, 7, 9, 10, 11], z = 332.23068815411193
oc=[4, 5, 8, 9, 10, 11, 13], z = 329.11814563839994
oc=[3, 4, 6, 8, 9, 10, 13], z = 394.0339120000001
oc=[3, 5, 8, 9, 10, 13], z = 377.46126442240006
oc=[3, 5, 6, 8, 9, 10, 13], z = 383.3550647664639
oc=[3, 4, 8, 9, 10, 11, 13], z = 362.36929411840003
oc=[3, 8, 9, 10, 11, 13], z = 379.84929411839994
oc=[3, 8, 9, 10, 13], z = 406.102712
oc=[3, 8, 9, 10, 11, 13], z = 379.84929411839994
oc=[3, 5, 8, 9, 10, 11, 13], z = 351.22954783641603
oc=[3, 5, 8, 9, 10, 13], z = 377.46126442240006
oc=[3, 5, 8, 9, 10, 11, 13], z = 351.22954783641603
oc=[4, 5, 9, 10, 13], z = 355.33174399999996
oc=[2, 3, 5, 7, 8, 9, 10], z = 371.234576
oc=[2, 3, 4, 5, 7, 9, 10], z = 343.50732095999996
oc=[3, 4, 9, 10, 12, 13], z = 395.58540000000005
oc=[1, 2, 4, 6, 8, 9, 10, 11, 12, 13], z = 363.5515540667801
oc=[3, 6, 9, 10, 11, 13], z = 359.35659999999996
oc=[3, 6, 9, 10, 13], z = 391.971
oc=[3, 6, 9, 10, 13], z = 391.971
oc=[2, 3, 4, 5, 9, 10, 13], z = 351.73401056
oc=[2, 3, 5, 7, 8, 9, 10, 11], z = 346.46067775999995
oc=[1, 3, 9, 10, 11, 12, 13], z = 346.2423133813569
oc=[2, 3, 5, 9, 10, 11, 13], z = 344.9253429504
oc=[2, 3, 5, 9, 10, 13], z = 376.9972105600001
oc=[2, 3, 5, 9, 10, 11, 13], z = 344.9253429504
oc=[2, 3, 5, 7, 9, 10, 12], z = 379.78011200000003
oc=[1, 5, 7, 8, 9, 10, 11, 12], z = 349.26130467839994
oc=[8, 9, 10, 11, 13], z = 375.222624
oc=[8, 9, 10, 13], z = 400.1144
oc=[8, 9, 10, 13], z = 400.1144
oc=[6, 8, 9, 10, 11, 13], z = 360.9826240000001
oc=[6, 8, 9, 10, 13], z = 385.8743999999999
oc=[6, 8, 9, 10, 11, 13], z = 360.9826240000001
oc=[1, 3, 4, 6, 7, 9, 10, 11, 12], z = 368.9196778569601
oc=[2, 3, 4, 6, 7, 9, 10, 12], z = 392.11251792
oc=[1, 6, 9, 10, 11, 12], z = 347.10939536
oc=[1, 3, 6, 8, 9, 10, 11, 12], z = 361.43172462128007
oc=[2, 3, 4, 8, 9, 10, 13], z = 380.839512
oc=[2, 3, 4, 6, 8, 9, 10, 13], z = 389.32939999999996
oc=[3, 4, 5, 9, 10, 11, 13], z = 327.44534295040006
oc=[1, 2, 5, 9, 10, 12, 13], z = 386.858784
oc=[3, 4, 8, 9, 10, 11, 12, 13], z = 355.22592367003654
oc=[1, 2, 3, 5, 8, 9, 10], z = 370.92922364800006
oc=[9, 10, 2], z = 392.68
oc=[1, 2, 3, 5, 6, 8, 9, 10, 11], z = 352.86038567662797
oc=[1, 2, 3, 5, 6, 8, 9, 10], z = 377.57504423616
oc=[1, 2, 3, 5, 6, 8, 9, 10], z = 377.57504423616
oc=[1, 2, 3, 5, 6, 7, 9, 10, 11, 12], z = 347.9425029120918
oc=[2, 7, 9, 10, 11], z = 360.72079999999994
oc=[1, 6, 7, 8, 9, 10, 12], z = 400.9144
oc=[1, 4, 6, 7, 9, 10, 12], z = 407.8856
oc=[9, 10, 5], z = 360.82399999999996
oc=[9, 10, 11, 5], z = 331.156544
oc=[2, 3, 4, 6, 9, 10, 11], z = 350.22228800000005
oc=[2, 3, 4, 6, 9, 10], z = 382.8366880000001
oc=[2, 3, 4, 6, 9, 10], z = 382.8366880000001
oc=[1, 3, 4, 5, 8, 9, 10], z = 353.45686562432
oc=[1, 3, 9, 10, 11], z = 377.2051132
oc=[9, 10, 3], z = 399.61
oc=[3, 5, 6, 7, 8, 9, 10, 12], z = 389.82512704
oc=[1, 3, 4, 6, 9, 10, 11], z = 365.29068942816
oc=[1, 3, 5, 6, 8, 9, 10, 11], z = 352.86038567662797
oc=[1, 4, 6, 9, 10, 12], z = 396.9656
oc=[2, 4, 9, 10, 12], z = 374.2712
oc=[1, 6, 9, 10, 11, 12], z = 347.10939536
oc=[1, 8, 9, 10, 11, 12], z = 356.13544
oc=[3, 4, 6, 9, 10, 12, 13], z = 400.99660000000006
oc=[1, 5, 6, 8, 9, 10, 11, 12, 13], z = 356.7431127891814
oc=[1, 3, 5, 6, 9, 10], z = 377.69094993600004
oc=[1, 3, 4, 6, 9, 10, 11], z = 365.29068942816
oc=[1, 4, 5, 6, 8, 9, 10, 12, 13], z = 379.30507669360645
oc=[2, 3, 4, 5, 6, 8, 9, 10, 12, 13], z = 367.27809992842583
oc=[1, 2, 6, 9, 10, 11, 12, 13], z = 357.76939536000003
oc=[1, 2, 5, 8, 9, 10, 12, 13], z = 386.94412416
oc=[1, 3, 5, 7, 8, 9, 10, 13], z = 361.59805410432
oc=[1, 3, 4, 5, 7, 8, 9, 10, 13], z = 345.8928266848768
oc=[1, 2, 4, 5, 8, 9, 10], z = 342.5390144
oc=[1, 4, 5, 7, 9, 10, 11, 13], z = 343.96847936
oc=[1, 2, 3, 5, 6, 8, 9, 10, 12], z = 384.42944423616007
oc=[1, 3, 4, 9, 10, 12], z = 399.2112184
oc=[2, 3, 4, 7, 9, 10, 11, 12], z = 334.734410082816
oc=[2, 4, 7, 8, 9, 10, 11, 12], z = 334.453685884416
oc=[1, 3, 5, 6, 7, 9, 10, 13], z = 369.7421773792001
oc=[1, 3, 4, 7, 9, 10, 13], z = 391.30461372800005
oc=[1, 2, 3, 5, 6, 7, 9, 10, 13], z = 364.5936147338852
oc=[1, 2, 3, 4, 5, 6, 7, 9, 10, 11, 13], z = 296.00927968683015
oc=[1, 2, 3, 4, 5, 6, 7, 9, 10, 13], z = 327.18180484346794
oc=[1, 2, 3, 4, 5, 6, 7, 9, 10, 13], z = 327.18180484346794
oc=[2, 4, 7, 9, 10, 11, 12, 13], z = 338.464410082816
oc=[2, 3, 5, 6, 7, 8, 9, 10], z = 377.77057936
oc=[3, 4, 5, 6, 7, 8, 9, 10], z = 369.9447894271999
oc=[6, 8, 9, 10, 11, 12], z = 344.13714990720007
oc=[9, 10, 11, 12], z = 343.712816
oc=[3, 4, 5, 9, 10, 12], z = 357.12840000000006
oc=[1, 5, 6, 7, 8, 9, 10, 13], z = 396.9952238156801
oc=[1, 2, 4, 5, 7, 9, 10, 11, 13], z = 326.28180032
oc=[1, 2, 4, 5, 7, 9, 10, 13], z = 355.75770495999996
oc=[1, 2, 4, 5, 7, 9, 10, 13], z = 355.75770495999996
oc=[1, 2, 5, 7, 8, 9, 10, 13], z = 385.2614361600001
oc=[1, 4, 5, 7, 8, 9, 10, 11, 13], z = 348.7634879744
oc=[1, 2, 3, 4, 5, 6, 7, 8, 9, 10, 11, 13], z = 280.2247838020648
oc=[1, 3, 5, 6, 9, 10, 11], z = 349.5044859476992
oc=[1, 3, 5, 6, 9, 10], z = 377.69094993600004
oc=[1, 3, 5, 6, 9, 10], z = 377.69094993600004
oc=[2, 3, 4, 5, 9, 10, 11], z = 312.823344
oc=[2, 3, 4, 5, 6, 7, 9, 10, 11, 12, 13], z = 320.189107907381
oc=[2, 3, 4, 5, 6, 7, 9, 10, 12, 13], z = 361.4457833124457
oc=[2, 3, 4, 5, 6, 7, 9, 10, 12, 13], z = 361.4457833124457
oc=[2, 3, 9, 10, 11], z = 366.9956
oc=[1, 3, 4, 9, 10], z = 392.35681840000007
oc=[1, 5, 6, 7, 9, 10], z = 387.69139199999995
oc=[2, 3, 6, 8, 9, 10], z = 380.57000000000005
oc=[1, 2, 3, 6, 8, 9, 10, 11], z = 366.04279871408
oc=[1, 2, 3, 6, 8, 9, 10], z = 390.927645712
oc=[1, 2, 3, 6, 8, 9, 10, 11], z = 366.04279871408
oc=[2, 3, 4, 5, 7, 8, 9, 10], z = 341.81618496
oc=[2, 3, 5, 6, 7, 9, 10, 11], z = 349.93836816
oc=[2, 3, 5, 7, 9, 10, 11, 12], z = 335.3837511242241
oc=[5, 7, 8, 9, 10, 11], z = 345.27896576
oc=[1, 7, 9, 10, 11, 13], z = 391.14559999999994
oc=[1, 7, 9, 10, 13], z = 423.76
oc=[1, 7, 9, 10, 13], z = 423.76
oc=[1, 2, 4, 5, 6, 7, 8, 9, 10, 13], z = 362.4439039128433
oc=[1, 2, 7, 9, 10, 11, 13], z = 380.8808000000001
oc=[1, 2, 7, 9, 10, 13], z = 413.4952
oc=[1, 2, 7, 9, 10, 13], z = 413.4952
oc=[1, 5, 7, 9, 10, 11, 13], z = 361.4484793600001
oc=[1, 5, 7, 9, 10, 13], z = 390.92438400000003
oc=[1, 5, 7, 9, 10, 11, 13], z = 361.4484793600001
oc=[2, 3, 5, 7, 8, 9, 10, 12, 13], z = 389.48737642239996
oc=[3, 4, 5, 7, 8, 9, 10, 11, 12, 13], z = 338.60737628981974
oc=[1, 2, 3, 4, 6, 7, 9, 10, 11, 13], z = 351.6625034693358
oc=[1, 2, 3, 4, 6, 7, 9, 10, 13], z = 384.27654277320346
oc=[1, 2, 3, 4, 6, 7, 9, 10, 11, 13], z = 351.6625034693358
oc=[2, 3, 7, 8, 9, 10, 12], z = 402.3196
oc=[2, 3, 5, 6, 7, 8, 9, 10, 11, 12], z = 349.6054151053285
oc=[2, 3, 4, 7, 9, 10, 11, 12], z = 334.734410082816
oc=[2, 3, 4, 7, 9, 10, 12], z = 381.8564
oc=[2, 3, 4, 7, 9, 10, 12], z = 381.8564
oc=[2, 3, 4, 5, 6, 7, 9, 10, 12], z = 351.0383129152
oc=[2, 3, 5, 7, 8, 9, 10, 11], z = 346.46067775999995
oc=[3, 4, 7, 8, 9, 10, 11, 12, 13], z = 366.14592367003655
oc=[2, 3, 4, 5, 7, 8, 9, 10, 11, 12, 13], z = 320.95534701015725
oc=[1, 7, 8, 9, 10, 13], z = 420.5344
oc=[1, 2, 6, 7, 9, 10, 11, 13], z = 371.20863600000007
oc=[1, 2, 6, 7, 9, 10, 13], z = 403.82303600000006
oc=[1, 2, 6, 7, 9, 10, 11, 13], z = 371.20863600000007
oc=[1, 4, 6, 7, 8, 9, 10, 13], z = 408.4656
oc=[4, 5, 7, 9, 10, 13], z = 366.251744
oc=[1, 5, 6, 8, 9, 10, 12, 13], z = 392.92962381568
oc=[1, 2, 5, 7, 9, 10, 11, 13], z = 355.70019135999996
oc=[1, 2, 5, 7, 9, 10, 13], z = 385.176096
oc=[1, 2, 5, 7, 9, 10, 13], z = 385.176096
oc=[1, 4, 6, 7, 8, 9, 11, 12, 13], z = 379.1608
oc=[1, 4, 6, 7, 8, 9, 12, 13], z = 403.9856000000001
oc=[1, 4, 6, 7, 8, 9, 12, 13], z = 403.9856000000001
oc=[3, 5, 6, 9, 10, 12, 13], z = 390.2547951616
oc=[2, 6, 7, 8, 9, 10, 11, 13], z = 366.20566
oc=[3, 7, 8, 9, 11, 12, 13], z = 387.00872352
oc=[3, 7, 8, 9, 12, 13], z = 412.54271199999994
oc=[3, 7, 8, 9, 11, 12, 13], z = 387.00872352
oc=[1, 2, 5, 6, 8, 9, 10, 11, 12, 13], z = 356.74311278918134
oc=[1, 2, 5, 6, 8, 9, 10, 12, 13], z = 392.92962381568003
oc=[1, 2, 5, 6, 8, 9, 10, 12, 13], z = 392.92962381568003
oc=[1, 7, 8, 9, 10, 11, 13], z = 395.64262399999996
oc=[1, 7, 8, 9, 10, 13], z = 420.5344
oc=[1, 7, 8, 9, 10, 13], z = 420.5344
oc=[2, 3, 4, 8, 9, 10, 12, 13], z = 387.69391200000007
oc=[1, 2, 5, 6, 7, 9, 10, 11, 13], z = 362.3749859052799
oc=[1, 2, 5, 6, 7, 9, 10, 13], z = 394.41990371199995
oc=[1, 2, 5, 6, 7, 9, 10, 11, 13], z = 362.3749859052799
oc=[1, 2, 5, 6, 7, 8, 9, 10, 13], z = 391.7950761356799
oc=[1, 2, 6, 8, 9, 10, 11, 12, 13], z = 364.5816693035521
oc=[1, 2, 6, 8, 9, 10, 12, 13], z = 402.22880000000004
oc=[1, 2, 6, 8, 9, 10, 11, 12, 13], z = 364.5816693035521
oc=[1, 2, 4, 6, 9, 10, 12, 13], z = 402.92108799999994
oc=[1, 5, 7, 8, 9, 10, 11, 13], z = 366.2434879743999
oc=[1, 5, 7, 8, 9, 10, 13], z = 391.0097241599999
oc=[1, 5, 7, 8, 9, 10, 13], z = 391.0097241599999
oc=[3, 5, 9, 10, 11, 12, 13], z = 336.6177160704
oc=[3, 4, 5, 9, 10, 12, 13], z = 366.37161056
oc=[1, 4, 5, 8, 9, 10, 12, 13], z = 369.46412416
oc=[1, 2, 4, 5, 8, 9, 11, 12, 13], z = 325.64726397439995
oc=[1, 2, 4, 5, 8, 9, 12, 13], z = 350.34652416000006
oc=[1, 2, 4, 5, 8, 9, 12, 13], z = 350.34652416000006
oc=[4, 5, 6, 7, 9, 10, 11, 13], z = 343.9994977904639
oc=[5, 6, 7, 8, 9, 10, 13], z = 388.28096911359995
oc=[3, 4, 5, 6, 9, 10, 11, 12, 13], z = 330.3073450764608
oc=[3, 4, 5, 6, 9, 10, 12, 13], z = 372.16236105932796
oc=[3, 4, 5, 6, 9, 10, 11, 12, 13], z = 330.3073450764608
oc=[9, 10, 12, 13], z = 410.19440000000003
oc=[4, 7, 8, 9, 10, 11, 13], z = 368.66262399999994
oc=[4, 6, 9, 10, 12, 13], z = 398.1256
oc=[1, 2, 4, 5, 7, 8, 9, 10, 13], z = 355.84304511999994
oc=[1, 2, 4, 5, 6, 7, 9, 10, 11, 13], z = 329.96568524603526
oc=[1, 2, 4, 5, 6, 7, 9, 10, 13], z = 356.52410551936
oc=[1, 2, 4, 5, 6, 7, 9, 10, 11, 13], z = 329.96568524603526
oc=[1, 2, 3, 6, 7, 9, 10, 11, 13], z = 356.36029336669674
oc=[1, 2, 3, 6, 7, 9, 10, 13], z = 388.97018466504323
oc=[1, 2, 3, 6, 7, 9, 10, 11, 13], z = 356.36029336669674
oc=[2, 4, 5, 7, 8, 9, 10, 11, 12, 13], z = 317.97647544715255
oc=[1, 2, 5, 7, 8, 9, 10, 11, 13], z = 360.49519997440007
oc=[1, 2, 5, 7, 8, 9, 10, 13], z = 385.2614361600001
oc=[1, 2, 5, 7, 8, 9, 10, 13], z = 385.2614361600001
oc=[1, 2, 6, 7, 8, 9, 10, 11, 13], z = 375.7056600000001
oc=[1, 2, 6, 7, 8, 9, 10, 13], z = 400.597436
oc=[1, 2, 6, 7, 8, 9, 10, 13], z = 400.597436
oc=[1, 2, 7, 8, 9, 10, 11, 13], z = 385.37782400000003
oc=[1, 2, 7, 8, 9, 10, 13], z = 410.26959999999997
oc=[1, 2, 7, 8, 9, 10, 11, 13], z = 385.37782400000003
oc=[1, 5, 6, 7, 8, 9, 10, 11, 13], z = 372.1262271034112
oc=[1, 5, 6, 7, 8, 9, 10, 13], z = 396.9952238156801
oc=[1, 5, 6, 7, 8, 9, 10, 11, 13], z = 372.1262271034112
oc=[1, 2, 5, 6, 7, 8, 9, 10, 11, 13], z = 366.9260794234111
oc=[1, 2, 5, 6, 7, 8, 9, 10, 13], z = 391.7950761356799
oc=[1, 2, 5, 6, 7, 8, 9, 10, 13], z = 391.7950761356799
oc=[1, 2, 4, 9, 10, 12, 13], z = 394.43120000000005
oc=[1, 2, 4, 6, 9, 10, 11, 12, 13], z = 356.1612764288001
oc=[1, 2, 4, 6, 9, 10, 12, 13], z = 402.92108799999994
oc=[1, 2, 4, 6, 9, 10, 11, 12, 13], z = 356.1612764288001
oc=[2, 4, 6, 7, 9, 10, 13], z = 388.98811792000004
oc=[2, 4, 5, 6, 8, 9, 10, 12, 13], z = 361.19063887769596
oc=[2, 5, 9, 10, 11, 12, 13], z = 333.62841407999997
oc=[3, 4, 6, 8, 9, 10, 12, 13], z = 400.88831200000004
oc=[3, 8, 9, 10, 12, 13], z = 412.95711199999994
oc=[1, 9, 10, 12, 13], z = 419.6944000000001
oc=[2, 3, 4, 7, 8, 9, 11, 12, 13], z = 351.48072351999997
oc=[2, 3, 4, 7, 8, 9, 12, 13], z = 377.014712
oc=[2, 3, 4, 7, 8, 9, 12, 13], z = 377.014712
oc=[2, 3, 4, 5, 7, 8, 9, 11, 12, 13], z = 323.2222981980119
oc=[2, 3, 4, 5, 7, 8, 9, 12, 13], z = 348.7345853823547
oc=[2, 3, 4, 5, 7, 8, 9, 12, 13], z = 348.7345853823547
oc=[2, 3, 5, 6, 8, 9, 10, 12, 13], z = 390.20946476646395
oc=[6, 7, 8, 9, 10, 13], z = 396.7944
oc=[1, 7, 8, 9, 11, 12, 13], z = 391.22959999999995
oc=[1, 7, 8, 9, 12, 13], z = 416.05439999999993
oc=[1, 7, 8, 9, 11, 12, 13], z = 391.22959999999995
oc=[1, 2, 4, 5, 8, 9, 10, 11, 12, 13], z = 325.65064706281476
oc=[1, 2, 4, 5, 8, 9, 10, 12, 13], z = 361.68092416
oc=[1, 2, 4, 5, 8, 9, 10, 11, 12, 13], z = 325.65064706281476
oc=[1, 2, 4, 5, 6, 9, 10, 11, 12, 13], z = 324.22623820459853
oc=[1, 2, 4, 5, 6, 9, 10, 12, 13], z = 363.38274364416
oc=[1, 2, 4, 5, 6, 9, 10, 11, 12, 13], z = 324.22623820459853
oc=[1, 2, 3, 5, 6, 8, 9, 10, 11, 12, 13], z = 297.82278213149027
oc=[1, 2, 5, 8, 9, 10, 11, 12, 13], z = 349.2739960483839
oc=[1, 2, 5, 8, 9, 10, 12, 13], z = 386.94412416
oc=[1, 2, 5, 8, 9, 10, 12, 13], z = 386.94412416
oc=[1, 2, 5, 6, 9, 10, 11, 12, 13], z = 349.32389622847995
oc=[1, 2, 5, 6, 9, 10, 12, 13], z = 395.5544513919999
oc=[1, 2, 5, 6, 9, 10, 12, 13], z = 395.5544513919999
oc=[1, 2, 6, 9, 10, 11, 12, 13], z = 357.76939536000003
oc=[1, 2, 6, 9, 10, 12, 13], z = 405.4544000000001
oc=[1, 2, 6, 9, 10, 11, 12, 13], z = 357.76939536000003
oc=[1, 2, 4, 6, 8, 9, 10, 11, 12, 13], z = 363.5515540667801
oc=[1, 2, 4, 6, 8, 9, 10, 12, 13], z = 399.69548799999995
oc=[1, 2, 4, 6, 8, 9, 10, 12, 13], z = 399.69548799999995
oc=[1, 2, 8, 9, 10, 11, 12, 13], z = 365.601855872
oc=[1, 2, 8, 9, 10, 12, 13], z = 416.46880000000004
oc=[1, 2, 8, 9, 10, 12, 13], z = 416.46880000000004
oc=[3, 5, 6, 8, 9, 10, 12, 13], z = 390.20946476646395
oc=[1, 6, 9, 10, 11, 12, 13], z = 357.76939536000003
oc=[1, 4, 6, 8, 9, 10, 11, 12, 13], z = 368.25606606678014
oc=[1, 4, 6, 8, 9, 10, 12, 13], z = 404.40000000000003
oc=[1, 4, 6, 8, 9, 10, 11, 12, 13], z = 368.25606606678014
oc=[1, 2, 4, 5, 6, 8, 9, 10, 11, 12, 13], z = 332.9458706666585
oc=[1, 2, 4, 5, 6, 8, 9, 10, 12, 13], z = 368.6907250606079
oc=[1, 2, 4, 5, 6, 8, 9, 10, 11, 12, 13], z = 332.9458706666585
oc=[2, 3, 5, 8, 9, 10, 11, 12, 13], z = 343.4315225511297
oc=[2, 3, 9, 10, 12, 13], z = 413.06539999999995
oc=[1, 8, 9, 10, 11, 12, 13], z = 365.6018558720001
oc=[1, 3, 5, 6, 8, 9, 10, 11, 12, 13], z = 297.82278213149016
oc=[9, 10, 3, 13], z = 406.211
oc=[2, 3, 6, 8, 9, 10, 11, 13], z = 365.60929411840004
oc=[2, 3, 4, 6, 8, 9, 10, 11, 13], z = 363.0759821184
oc=[2, 3, 4, 6, 8, 9, 10, 13], z = 389.32939999999996
oc=[2, 3, 4, 6, 8, 9, 10, 13], z = 389.32939999999996
oc=[1, 4, 6, 7, 8, 9, 10, 11, 13], z = 383.57382400000006
oc=[1, 4, 6, 7, 8, 9, 10, 13], z = 408.4656
oc=[1, 4, 6, 7, 8, 9, 10, 11, 13], z = 383.57382400000006
oc=[3, 5, 9, 10, 11, 13], z = 344.92534295039997
oc=[3, 5, 9, 10, 13], z = 376.99721056
oc=[3, 5, 9, 10, 13], z = 376.99721056
oc=[1, 4, 9, 10, 13], z = 395.36
oc=[2, 4, 5, 7, 8, 9, 10, 13], z = 347.17369471999996
oc=[2, 3, 4, 6, 7, 9, 10, 11, 13], z = 359.24471791999997
oc=[2, 4, 7, 9, 10, 11, 13], z = 346.11760000000004
oc=[2, 3, 5, 6, 7, 8, 9, 10, 11, 13], z = 362.82388634738174
oc=[2, 3, 5, 6, 7, 8, 9, 10, 13], z = 389.074917086464
oc=[2, 3, 5, 6, 7, 8, 9, 10, 13], z = 389.074917086464
oc=[2, 3, 5, 7, 8, 9, 10, 11, 13], z = 356.401259836416
oc=[2, 5, 7, 8, 9, 10, 11, 13], z = 351.7698576383999
oc=[2, 3, 4, 5, 7, 8, 9, 10, 11, 13], z = 326.982868796414
oc=[2, 7, 9, 10, 11, 13], z = 371.3808
oc=[2, 4, 5, 6, 7, 9, 10, 11, 13], z = 322.5113190015808
oc=[2, 3, 6, 7, 9, 10, 11, 12, 13], z = 356.76045986387214
oc=[2, 3, 6, 7, 9, 10, 12, 13], z = 404.04843600000004
oc=[2, 3, 6, 7, 9, 10, 11, 12, 13], z = 356.76045986387214
oc=[2, 3, 7, 9, 10, 11, 13], z = 374.2518
oc=[2, 3, 4, 6, 7, 9, 10, 11, 13], z = 359.24471791999997
oc=[2, 5, 6, 7, 9, 10, 11, 13], z = 353.6815128256
oc=[2, 3, 5, 7, 8, 9, 10, 11, 13], z = 356.401259836416
oc=[2, 3, 5, 7, 8, 9, 10, 13], z = 382.63297642239996
oc=[2, 3, 5, 7, 8, 9, 10, 13], z = 382.63297642239996
oc=[2, 3, 7, 8, 9, 10, 11, 13], z = 380.50449411839986
oc=[2, 3, 7, 8, 9, 10, 13], z = 406.757912
oc=[2, 3, 7, 8, 9, 10, 13], z = 406.757912
oc=[3, 4, 6, 7, 8, 9, 10, 13], z = 404.95391199999995
oc=[2, 3, 6, 7, 8, 9, 10, 11, 13], z = 370.8323301184
oc=[2, 3, 6, 7, 8, 9, 10, 13], z = 397.0857480000001
oc=[2, 3, 6, 7, 8, 9, 10, 13], z = 397.0857480000001
oc=[3, 6, 7, 9, 10, 13], z = 402.89099999999996
oc=[2, 3, 4, 5, 8, 9, 10, 11, 13], z = 325.96634783641605
oc=[4, 5, 6, 8, 9, 10, 11, 13], z = 339.71643072761856
oc=[4, 5, 6, 8, 9, 10, 13], z = 364.3822991872
oc=[4, 5, 6, 8, 9, 10, 11, 13], z = 339.71643072761856
oc=[2, 3, 9, 10, 11, 13], z = 373.5966
oc=[2, 3, 9, 10, 13], z = 406.211
oc=[2, 3, 9, 10, 11, 13], z = 373.5966
oc=[3, 4, 6, 9, 10, 11, 13], z = 361.52780000000007
oc=[3, 4, 6, 9, 10, 13], z = 394.1422
oc=[3, 4, 6, 9, 10, 13], z = 394.1422
oc=[3, 4, 5, 6, 9, 10, 11, 13], z = 337.18426178217544
oc=[3, 4, 5, 6, 9, 10, 13], z = 365.30796105932797
oc=[3, 4, 5, 6, 9, 10, 13], z = 365.30796105932797
oc=[3, 4, 5, 8, 9, 10, 11, 13], z = 333.749547836416
oc=[3, 4, 5, 8, 9, 10, 13], z = 359.98126442240005
oc=[3, 4, 5, 8, 9, 10, 13], z = 359.98126442240005
oc=[1, 4, 5, 8, 9, 10, 11, 12, 13], z = 333.4338470628147
oc=[1, 4, 5, 8, 9, 10, 12, 13], z = 369.46412416
oc=[1, 4, 5, 8, 9, 10, 12, 13], z = 369.46412416
oc=[1, 4, 8, 9, 10, 11, 12, 13], z = 361.787280992256
oc=[1, 4, 8, 9, 10, 12, 13], z = 398.9888000000001
oc=[1, 4, 8, 9, 10, 12, 13], z = 398.9888000000001
oc=[2, 3, 4, 6, 9, 10, 11, 12, 13], z = 349.53227642880006
oc=[2, 3, 4, 5, 8, 9, 10, 11, 12, 13], z = 319.9041762898197
oc=[2, 3, 4, 5, 8, 9, 10, 12, 13], z = 359.0524644223999
oc=[2, 3, 4, 5, 8, 9, 10, 11, 12, 13], z = 319.9041762898197
oc=[5, 6, 9, 10, 11, 13], z = 347.9616605056001
oc=[2, 4, 5, 8, 9, 10, 12, 13], z = 353.01157376
oc=[3, 9, 10, 11, 13], z = 373.59659999999997
oc=[9, 10, 3, 13], z = 406.211
oc=[3, 9, 10, 11, 13], z = 373.59659999999997
oc=[3, 4, 6, 8, 9, 10, 11, 13], z = 367.7804941184001
oc=[3, 4, 6, 8, 9, 10, 13], z = 394.0339120000001
oc=[3, 4, 6, 8, 9, 10, 13], z = 394.0339120000001
oc=[3, 4, 5, 7, 8, 9, 11, 12, 13], z = 340.90897723801606
oc=[3, 4, 5, 7, 8, 9, 12, 13], z = 366.4212644224001
oc=[3, 4, 5, 7, 8, 9, 12, 13], z = 366.4212644224001
oc=[3, 5, 7, 9, 10, 11, 13], z = 355.8453429504001
oc=[3, 7, 8, 9, 10, 11, 13], z = 390.7692941184
oc=[3, 7, 8, 9, 10, 13], z = 417.02271199999996
oc=[3, 7, 8, 9, 10, 13], z = 417.02271199999996
oc=[3, 5, 6, 7, 8, 9, 10, 13], z = 394.27506476646397
oc=[1, 6, 9, 10, 11, 13], z = 365.9856
oc=[1, 4, 5, 6, 8, 9, 10, 11, 13], z = 347.79168493963675
oc=[1, 4, 5, 6, 8, 9, 10, 13], z = 372.45067669360645
oc=[1, 4, 5, 6, 8, 9, 10, 13], z = 372.45067669360645
oc=[1, 4, 5, 8, 9, 10, 11, 13], z = 337.8434879744
oc=[1, 4, 5, 8, 9, 10, 13], z = 362.60972416000004
oc=[1, 4, 5, 8, 9, 10, 13], z = 362.60972416000004
oc=[1, 5, 8, 9, 10, 11, 13], z = 355.3234879744
oc=[1, 5, 8, 9, 10, 13], z = 380.08972416
oc=[1, 5, 8, 9, 10, 11, 13], z = 355.3234879744
oc=[1, 4, 8, 9, 10, 11, 13], z = 367.242624
oc=[1, 4, 8, 9, 10, 13], z = 392.1344
oc=[1, 4, 8, 9, 10, 13], z = 392.1344
oc=[2, 3, 4, 5, 9, 10, 11, 13], z = 319.66214295040004
oc=[2, 3, 4, 5, 9, 10, 13], z = 351.73401056
oc=[2, 3, 4, 5, 9, 10, 13], z = 351.73401056
oc=[2, 3, 4, 8, 9, 10, 11, 12, 13], z = 347.4427236700365
oc=[2, 3, 4, 8, 9, 10, 12, 13], z = 387.69391200000007
oc=[2, 3, 4, 8, 9, 10, 11, 12, 13], z = 347.4427236700365
oc=[5, 8, 9, 10, 11, 13], z = 346.59814563839996
oc=[5, 8, 9, 10, 13], z = 371.42037375999996
oc=[5, 8, 9, 10, 11, 13], z = 346.59814563839996
oc=[2, 3, 8, 9, 10, 11, 13], z = 379.84929411840005
oc=[2, 3, 4, 5, 6, 8, 9, 10, 11, 13], z = 334.35262479684866
oc=[2, 3, 4, 5, 6, 8, 9, 10, 13], z = 360.42369993358625
oc=[2, 3, 4, 5, 6, 8, 9, 10, 11, 13], z = 334.35262479684866
oc=[1, 4, 6, 9, 10, 13], z = 400.7712
oc=[1, 6, 7, 8, 9, 11, 12, 13], z = 376.9896
oc=[1, 6, 7, 8, 9, 12, 13], z = 401.8144
oc=[1, 6, 7, 8, 9, 11, 12, 13], z = 376.9896
oc=[1, 6, 9, 10, 13], z = 398.6
oc=[1, 6, 7, 8, 9, 10, 11, 13], z = 381.40262400000006
oc=[1, 6, 7, 8, 9, 10, 13], z = 406.29440000000005
oc=[1, 6, 7, 8, 9, 10, 13], z = 406.29440000000005
oc=[3, 6, 8, 9, 10, 11, 13], z = 365.60929411839993
oc=[3, 6, 8, 9, 10, 13], z = 391.862712
oc=[3, 6, 8, 9, 10, 13], z = 391.862712
oc=[2, 3, 4, 5, 6, 9, 10, 11, 13], z = 326.5397900588131
oc=[2, 3, 4, 5, 6, 9, 10, 13], z = 354.59562143725566
oc=[2, 3, 4, 5, 6, 9, 10, 11, 13], z = 326.5397900588131
oc=[4, 8, 9, 10, 11, 13], z = 357.742624
oc=[4, 8, 9, 10, 13], z = 382.63439999999997
oc=[4, 8, 9, 10, 11, 13], z = 357.742624
oc=[2, 3, 5, 6, 9, 10, 11, 12, 13], z = 343.514436367744
oc=[1, 2, 4, 7, 8, 9, 10, 11, 13], z = 360.11462400000005
oc=[1, 2, 4, 7, 8, 9, 10, 13], z = 385.0064
oc=[1, 2, 4, 7, 8, 9, 10, 13], z = 385.0064
oc=[3, 4, 5, 7, 8, 9, 10, 11, 13], z = 344.66954783641603
oc=[3, 4, 5, 7, 8, 9, 10, 13], z = 370.9012644224
oc=[3, 4, 5, 7, 8, 9, 10, 13], z = 370.9012644224
oc=[1, 4, 9, 10, 11, 13], z = 362.74559999999997
oc=[1, 2, 3, 5, 9, 10, 13], z = 349.090872096
oc=[1, 5, 9, 10, 13], z = 380.004384
oc=[1, 9, 10, 11, 13], z = 380.2256
oc=[9, 10, 13, 1], z = 412.84000000000003
oc=[1, 9, 10, 11, 13], z = 380.2256
oc=[1, 4, 6, 9, 10, 11, 13], z = 368.1568
oc=[1, 4, 6, 9, 10, 13], z = 400.7712
oc=[1, 4, 6, 9, 10, 11, 13], z = 368.1568
oc=[1, 5, 9, 10, 11, 13], z = 350.52847936000006
oc=[1, 5, 9, 10, 13], z = 380.004384
oc=[1, 5, 9, 10, 13], z = 380.004384
oc=[1, 4, 5, 7, 8, 9, 11, 12, 13], z = 344.3504639744
oc=[1, 4, 5, 7, 8, 9, 12, 13], z = 369.04972416000004
oc=[1, 4, 5, 7, 8, 9, 11, 12, 13], z = 344.3504639744
oc=[1, 6, 7, 9, 11, 12, 13], z = 374.1
oc=[1, 6, 7, 9, 12, 13], z = 405.03999999999996
oc=[1, 6, 7, 9, 12, 13], z = 405.03999999999996
oc=[1, 4, 5, 7, 9, 12, 13], z = 368.964384
oc=[2, 3, 4, 5, 7, 8, 9, 10, 11, 13], z = 326.982868796414
oc=[2, 3, 4, 5, 7, 8, 9, 10, 13], z = 353.2145853823773
oc=[2, 3, 4, 5, 7, 8, 9, 10, 13], z = 353.2145853823773
oc=[2, 4, 7, 8, 9, 10, 11, 13], z = 350.614624
oc=[2, 4, 7, 8, 9, 10, 13], z = 375.5064
oc=[2, 4, 7, 8, 9, 10, 13], z = 375.5064
oc=[2, 4, 5, 6, 7, 8, 9, 10, 13], z = 354.4266726255514
oc=[2, 3, 5, 6, 7, 9, 10, 13], z = 389.1202474816
oc=[2, 3, 5, 6, 7, 9, 10, 11, 13], z = 356.56552604454396
oc=[2, 3, 5, 6, 7, 9, 10, 13], z = 389.1202474816
oc=[2, 3, 5, 6, 7, 9, 10, 13], z = 389.1202474816
oc=[2, 3, 7, 9, 10, 13], z = 406.86620000000005
oc=[3, 4, 5, 6, 8, 9, 10, 11, 13], z = 344.392451405687
oc=[3, 4, 5, 6, 8, 9, 10, 13], z = 370.4662412583731
oc=[3, 4, 5, 6, 8, 9, 10, 11, 13], z = 344.392451405687
oc=[3, 5, 6, 8, 9, 10, 11, 13], z = 357.10403402738166
oc=[3, 5, 6, 8, 9, 10, 13], z = 383.3550647664639
oc=[3, 5, 6, 8, 9, 10, 11, 13], z = 357.10403402738166
oc=[1, 2, 4, 5, 7, 8, 9, 10, 11, 13], z = 331.07680893439993
oc=[1, 2, 4, 5, 7, 8, 9, 10, 13], z = 355.84304511999994
oc=[1, 2, 4, 5, 7, 8, 9, 10, 13], z = 355.84304511999994
oc=[1, 5, 6, 9, 10, 11, 13], z = 356.65513358528
oc=[1, 5, 6, 9, 10, 13], z = 388.700051392
oc=[1, 5, 6, 9, 10, 11, 13], z = 356.65513358528
oc=[3, 5, 7, 8, 9, 10, 11, 13], z = 362.14954783641605
oc=[3, 5, 7, 8, 9, 10, 13], z = 388.38126442239997
oc=[3, 5, 7, 8, 9, 10, 11, 13], z = 362.14954783641605
oc=[3, 4, 7, 8, 9, 10, 11, 13], z = 373.28929411840005
oc=[3, 4, 7, 8, 9, 10, 13], z = 399.54271200000005
oc=[3, 4, 7, 8, 9, 10, 11, 13], z = 373.28929411840005
oc=[3, 4, 5, 6, 7, 8, 9, 10, 11, 13], z = 355.31245140568706
oc=[3, 4, 5, 6, 7, 8, 9, 10, 13], z = 381.38624125837305
oc=[3, 4, 5, 6, 7, 8, 9, 10, 13], z = 381.38624125837305
oc=[1, 4, 5, 6, 7, 8, 9, 10, 11, 13], z = 358.7116849396369
oc=[1, 4, 5, 6, 7, 8, 9, 10, 13], z = 383.3706766936064
oc=[1, 4, 5, 6, 7, 8, 9, 10, 13], z = 383.3706766936064
oc=[1, 5, 6, 7, 9, 11, 12, 13], z = 364.76953358527993
oc=[1, 5, 6, 7, 9, 12, 13], z = 395.140051392
oc=[1, 5, 6, 7, 9, 11, 12, 13], z = 364.76953358527993
oc=[1, 5, 7, 8, 9, 11, 12, 13], z = 361.8304639744
oc=[1, 5, 7, 8, 9, 12, 13], z = 386.52972416
oc=[1, 5, 7, 8, 9, 11, 12, 13], z = 361.8304639744
oc=[1, 4, 6, 7, 9, 11, 12, 13], z = 376.2712
oc=[1, 4, 6, 7, 9, 12, 13], z = 407.21119999999996
oc=[1, 4, 6, 7, 9, 12, 13], z = 407.21119999999996
oc=[1, 4, 5, 6, 7, 9, 11, 12, 13], z = 347.53830347120635
oc=[1, 4, 5, 6, 7, 9, 12, 13], z = 373.76865788416
oc=[1, 4, 5, 6, 7, 9, 12, 13], z = 373.76865788416
oc=[1, 5, 7, 9, 11, 12, 13], z = 358.64287936000005
oc=[1, 5, 7, 9, 12, 13], z = 386.444384
oc=[1, 5, 7, 9, 12, 13], z = 386.444384
oc=[3, 5, 7, 8, 9, 11, 12, 13], z = 358.388977238016
oc=[3, 5, 7, 8, 9, 12, 13], z = 383.9012644224
oc=[3, 5, 7, 8, 9, 11, 12, 13], z = 358.388977238016
oc=[3, 4, 7, 8, 9, 11, 12, 13], z = 369.5287235200001
oc=[3, 4, 7, 8, 9, 12, 13], z = 395.06271200000003
oc=[3, 4, 7, 8, 9, 11, 12, 13], z = 369.5287235200001
oc=[2, 3, 6, 7, 9, 10, 11, 13], z = 364.57963600000005
oc=[2, 3, 6, 7, 9, 10, 13], z = 397.194036
oc=[2, 3, 6, 7, 9, 10, 11, 13], z = 364.57963600000005
oc=[2, 6, 7, 8, 9, 10, 11, 13], z = 366.20566
oc=[2, 4, 5, 7, 8, 9, 10, 11, 13], z = 322.35146659839995
oc=[2, 4, 5, 7, 8, 9, 10, 13], z = 347.17369471999996
oc=[2, 4, 5, 7, 8, 9, 10, 11, 13], z = 322.35146659839995
oc=[2, 4, 6, 7, 9, 10, 11, 13], z = 356.37371792
oc=[2, 4, 6, 7, 9, 10, 13], z = 388.98811792000004
oc=[2, 4, 6, 7, 9, 10, 13], z = 388.98811792000004
oc=[2, 4, 5, 6, 7, 9, 10, 11, 13], z = 322.5113190015808
oc=[2, 4, 5, 6, 7, 9, 10, 13], z = 349.2416569152
oc=[2, 4, 5, 6, 7, 9, 10, 13], z = 349.2416569152
oc=[2, 3, 4, 6, 7, 8, 9, 10, 11, 13], z = 365.49741203840006
oc=[2, 3, 4, 6, 7, 8, 9, 10, 13], z = 391.7508299200001
oc=[2, 3, 4, 6, 7, 8, 9, 10, 13], z = 391.7508299200001
oc=[2, 7, 8, 9, 10, 11, 13], z = 375.87782400000003
oc=[2, 7, 8, 9, 10, 13], z = 400.76959999999997
oc=[2, 7, 8, 9, 10, 11, 13], z = 375.87782400000003
oc=[2, 6, 7, 8, 9, 10, 11, 13], z = 366.20566
oc=[2, 6, 7, 8, 9, 10, 13], z = 391.097436
oc=[2, 6, 7, 8, 9, 10, 13], z = 391.097436
oc=[2, 5, 7, 8, 9, 10, 11, 13], z = 351.7698576383999
oc=[2, 5, 7, 8, 9, 10, 13], z = 376.59208576
oc=[2, 5, 7, 8, 9, 10, 13], z = 376.59208576
oc=[7, 8, 9, 10, 13], z = 411.0344
oc=[1, 4, 5, 7, 9, 11, 12, 13], z = 341.16287936000003
oc=[1, 4, 5, 7, 9, 12, 13], z = 368.964384
oc=[1, 4, 5, 7, 9, 11, 12, 13], z = 341.16287936000003
oc=[2, 5, 6, 7, 8, 9, 10, 11, 13], z = 358.196695700224
oc=[2, 5, 6, 7, 8, 9, 10, 13], z = 383.0808214335999
oc=[2, 5, 6, 7, 8, 9, 10, 13], z = 383.0808214335999
oc=[4, 5, 6, 7, 8, 9, 10, 13], z = 375.3022991872
oc=[1, 6, 8, 9, 10, 11, 13], z = 370.482624
oc=[1, 6, 8, 9, 10, 13], z = 395.3743999999999
oc=[1, 6, 8, 9, 10, 13], z = 395.3743999999999
oc=[3, 4, 9, 10, 11, 13], z = 356.1166
oc=[3, 4, 9, 10, 13], z = 388.731
oc=[3, 4, 9, 10, 13], z = 388.731
oc=[2, 6, 7, 9, 10, 11, 13], z = 361.70863600000007
oc=[2, 6, 7, 9, 10, 13], z = 394.3230360000001
oc=[2, 6, 7, 9, 10, 13], z = 394.3230360000001
oc=[4, 7, 8, 9, 10, 13], z = 393.5544
oc=[1, 2, 4, 6, 7, 8, 9, 11, 12, 13], z = 365.95771791999994
oc=[1, 2, 4, 6, 7, 8, 9, 12, 13], z = 390.78251792000003
oc=[1, 2, 4, 6, 7, 8, 9, 12, 13], z = 390.78251792000003
oc=[2, 7, 9, 10, 11, 13], z = 371.3808
oc=[2, 7, 9, 10, 13], z = 403.9952
oc=[2, 7, 9, 10, 11, 13], z = 371.3808
oc=[3, 4, 5, 9, 10, 11, 13], z = 327.44534295040006
oc=[3, 4, 5, 9, 10, 13], z = 359.51721056
oc=[3, 4, 5, 9, 10, 13], z = 359.51721056
oc=[2, 5, 6, 7, 9, 10, 11, 13], z = 353.6815128256
oc=[2, 5, 6, 7, 9, 10, 13], z = 386.10465616
oc=[2, 5, 6, 7, 9, 10, 11, 13], z = 353.6815128256
oc=[1, 4, 5, 6, 9, 10, 11, 13], z = 340.5338640349184
oc=[1, 4, 5, 6, 9, 10, 13], z = 367.32865788415995
oc=[1, 4, 5, 6, 9, 10, 13], z = 367.32865788415995
oc=[3, 4, 5, 7, 9, 11, 12, 13], z = 335.55974295040005
oc=[3, 4, 5, 7, 9, 12, 13], z = 365.95721056
oc=[3, 4, 5, 7, 9, 11, 12, 13], z = 335.55974295040005
oc=[5, 6, 7, 8, 9, 10, 11, 13], z = 363.3968433802239
oc=[5, 6, 7, 8, 9, 10, 13], z = 388.28096911359995
oc=[5, 6, 7, 8, 9, 10, 11, 13], z = 363.3968433802239
oc=[5, 6, 7, 9, 10, 11, 13], z = 358.88166050559994
oc=[3, 4, 7, 9, 10, 13], z = 399.65100000000007
oc=[3, 5, 7, 9, 10, 13], z = 387.91721056
oc=[2, 3, 4, 5, 6, 7, 8, 9, 10, 11, 13], z = 334.44659649569934
oc=[2, 3, 4, 5, 6, 7, 8, 9, 10, 13], z = 360.51413368143915
oc=[2, 3, 4, 5, 6, 7, 8, 9, 10, 13], z = 360.51413368143915
oc=[2, 3, 4, 5, 6, 7, 9, 10, 11, 13], z = 326.62400070890027
oc=[2, 3, 4, 5, 6, 7, 9, 10, 13], z = 354.5913833123934
oc=[2, 3, 4, 5, 6, 7, 9, 10, 11, 13], z = 326.62400070890027
oc=[4, 6, 7, 8, 9, 10, 11, 13], z = 374.07382400000006
oc=[4, 6, 7, 8, 9, 10, 13], z = 398.9656
oc=[4, 6, 7, 8, 9, 10, 11, 13], z = 374.07382400000006
oc=[4, 5, 6, 7, 8, 9, 10, 11, 13], z = 350.6364307276185
oc=[4, 5, 6, 7, 8, 9, 10, 13], z = 375.3022991872
oc=[4, 5, 6, 7, 8, 9, 10, 13], z = 375.3022991872
oc=[7, 8, 9, 10, 11, 13], z = 386.14262400000007
oc=[7, 8, 9, 10, 13], z = 411.0344
oc=[7, 8, 9, 10, 13], z = 411.0344
oc=[1, 2, 4, 6, 7, 8, 9, 10, 11, 13], z = 370.37074192
oc=[1, 2, 4, 6, 7, 8, 9, 10, 13], z = 395.26251792
oc=[1, 2, 4, 6, 7, 8, 9, 10, 11, 13], z = 370.37074192
oc=[2, 4, 5, 6, 7, 8, 9, 10, 11, 13], z = 329.77025910900664
oc=[2, 4, 5, 6, 7, 8, 9, 10, 13], z = 354.4266726255514
oc=[2, 4, 5, 6, 7, 8, 9, 10, 11, 13], z = 329.77025910900664
oc=[3, 6, 7, 9, 10, 11, 13], z = 370.2766
oc=[1, 4, 5, 7, 8, 9, 10, 11, 13], z = 348.7634879744
oc=[1, 4, 5, 7, 8, 9, 10, 13], z = 373.52972416
oc=[1, 4, 5, 7, 8, 9, 10, 11, 13], z = 348.7634879744
oc=[1, 4, 5, 6, 7, 8, 9, 11, 12, 13], z = 354.25426251708836
oc=[1, 4, 5, 6, 7, 8, 9, 12, 13], z = 378.8906766936064
oc=[1, 4, 5, 6, 7, 8, 9, 12, 13], z = 378.8906766936064
oc=[1, 4, 6, 8, 9, 10, 11, 13], z = 372.653824
oc=[1, 4, 6, 8, 9, 10, 13], z = 397.5455999999999
oc=[1, 4, 6, 8, 9, 10, 13], z = 397.5455999999999
oc=[3, 4, 6, 9, 11, 12, 13], z = 358.72220000000004
oc=[3, 4, 6, 9, 12, 13], z = 389.6622
oc=[3, 4, 6, 9, 11, 12, 13], z = 358.72220000000004
oc=[3, 4, 5, 7, 9, 10, 11, 13], z = 338.3653429504001
oc=[3, 4, 5, 7, 9, 10, 13], z = 370.43721056000004
oc=[3, 4, 5, 7, 9, 10, 11, 13], z = 338.3653429504001
oc=[3, 5, 7, 9, 10, 11, 13], z = 355.8453429504001
oc=[3, 5, 7, 9, 10, 13], z = 387.91721056
oc=[3, 5, 7, 9, 10, 13], z = 387.91721056
oc=[3, 7, 9, 10, 11, 13], z = 384.51660000000004
oc=[3, 7, 9, 10, 13], z = 417.13100000000003
oc=[3, 7, 9, 10, 13], z = 417.13100000000003
oc=[1, 2, 4, 5, 6, 7, 8, 9, 10, 11, 13], z = 337.7943671019103
oc=[1, 2, 4, 5, 6, 7, 8, 9, 10, 13], z = 362.4439039128433
oc=[1, 2, 4, 5, 6, 7, 8, 9, 10, 13], z = 362.4439039128433
oc=[3, 4, 5, 6, 7, 9, 10, 11, 13], z = 348.10426178217557
oc=[4, 7, 8, 9, 10, 11, 13], z = 368.66262399999994
oc=[4, 7, 8, 9, 10, 13], z = 393.5544
oc=[4, 7, 8, 9, 10, 11, 13], z = 368.66262399999994
oc=[1, 2, 4, 6, 9, 11, 12, 13], z = 360.6466880000001
oc=[1, 2, 4, 6, 9, 12, 13], z = 391.58668800000004
oc=[1, 2, 4, 6, 9, 12, 13], z = 391.58668800000004
oc=[5, 7, 8, 9, 10, 11, 13], z = 357.51814563840003
oc=[5, 7, 8, 9, 10, 13], z = 382.34037376
oc=[5, 7, 8, 9, 10, 11, 13], z = 357.51814563840003
oc=[4, 5, 7, 8, 9, 10, 11, 13], z = 340.0381456384
oc=[4, 5, 7, 8, 9, 10, 13], z = 364.86037376
oc=[4, 5, 7, 8, 9, 10, 13], z = 364.86037376
oc=[4, 5, 6, 7, 9, 10, 11, 13], z = 343.9994977904639
oc=[4, 5, 6, 7, 9, 10, 13], z = 370.96620927999993
oc=[4, 5, 6, 7, 9, 10, 11, 13], z = 343.9994977904639
oc=[3, 5, 6, 7, 8, 9, 10, 11, 13], z = 368.02403402738173
oc=[3, 5, 6, 7, 8, 9, 10, 13], z = 394.27506476646397
oc=[3, 5, 6, 7, 8, 9, 10, 11, 13], z = 368.02403402738173
oc=[2, 3, 4, 6, 9, 10, 11, 13], z = 356.82328800000005
oc=[2, 3, 4, 6, 9, 10, 13], z = 389.4376880000001
oc=[2, 3, 4, 6, 9, 10, 13], z = 389.4376880000001
oc=[1, 6, 9, 10, 11, 13], z = 365.9856
oc=[1, 6, 9, 10, 13], z = 398.6
oc=[1, 6, 9, 10, 13], z = 398.6
oc=[1, 4, 5, 9, 10, 11, 13], z = 333.04847936
oc=[1, 4, 5, 9, 10, 13], z = 362.524384
oc=[1, 4, 5, 9, 10, 13], z = 362.524384
oc=[2, 3, 4, 9, 10, 11, 13], z = 348.33340000000004
oc=[2, 3, 4, 9, 10, 13], z = 380.94780000000003
oc=[2, 3, 4, 9, 10, 13], z = 380.94780000000003
oc=[1, 2, 4, 5, 7, 8, 9, 11, 12, 13], z = 326.6637849343999
oc=[1, 2, 4, 5, 7, 8, 9, 12, 13], z = 351.36304512000004
oc=[1, 2, 4, 5, 7, 8, 9, 12, 13], z = 351.36304512000004
oc=[1, 2, 4, 8, 9, 10, 11, 13], z = 359.459424
oc=[1, 2, 4, 8, 9, 10, 13], z = 384.35119999999995
oc=[1, 2, 4, 8, 9, 10, 11, 13], z = 359.459424
oc=[3, 4, 6, 7, 8, 9, 10, 11, 13], z = 378.70049411840006
oc=[3, 4, 6, 7, 8, 9, 10, 13], z = 404.95391199999995
oc=[3, 4, 6, 7, 8, 9, 10, 13], z = 404.95391199999995
oc=[2, 3, 4, 5, 9, 11, 12, 13], z = 316.8565429504
oc=[2, 3, 4, 5, 9, 12, 13], z = 347.2540105600001
oc=[2, 3, 4, 5, 9, 11, 12, 13], z = 316.8565429504
oc=[2, 3, 5, 6, 8, 9, 10, 11, 13], z = 357.1040340273818
oc=[2, 3, 5, 6, 8, 9, 10, 13], z = 383.35506476646407
oc=[2, 3, 5, 6, 8, 9, 10, 11, 13], z = 357.1040340273818
oc=[3, 4, 9, 11, 12, 13], z = 353.31100000000004
oc=[3, 4, 9, 12, 13], z = 384.25100000000003
oc=[3, 4, 9, 11, 12, 13], z = 353.31100000000004
oc=[1, 4, 5, 7, 9, 10, 11, 13], z = 343.96847936
oc=[1, 4, 5, 7, 9, 10, 13], z = 373.444384
oc=[1, 4, 5, 7, 9, 10, 13], z = 373.444384
oc=[3, 6, 7, 8, 9, 10, 11, 13], z = 376.5292941184
oc=[3, 6, 7, 8, 9, 10, 13], z = 402.782712
oc=[3, 6, 7, 8, 9, 10, 13], z = 402.782712
oc=[1, 4, 7, 9, 10, 11, 13], z = 373.6656
oc=[1, 4, 7, 9, 10, 13], z = 406.28000000000003
oc=[1, 4, 7, 9, 10, 11, 13], z = 373.6656
oc=[1, 5, 6, 7, 9, 10, 13], z = 399.62005139199994
oc=[1, 7, 9, 11, 12, 13], z = 388.3399999999999
oc=[1, 7, 9, 12, 13], z = 419.28
oc=[1, 7, 9, 11, 12, 13], z = 388.3399999999999
oc=[1, 2, 4, 5, 6, 8, 9, 11, 12, 13], z = 332.7258278761308
oc=[1, 2, 4, 5, 6, 8, 9, 12, 13], z = 357.356325060608
oc=[1, 2, 4, 5, 6, 8, 9, 11, 12, 13], z = 332.7258278761308
oc=[1, 2, 4, 7, 9, 10, 11, 13], z = 355.6175999999999
oc=[1, 2, 4, 7, 9, 10, 13], z = 388.23199999999997
oc=[1, 2, 4, 7, 9, 10, 13], z = 388.23199999999997
oc=[2, 3, 4, 7, 8, 9, 10, 11, 13], z = 355.2412941184
oc=[2, 3, 4, 7, 8, 9, 10, 13], z = 381.49471199999994
oc=[2, 3, 4, 7, 8, 9, 10, 11, 13], z = 355.2412941184
oc=[3, 5, 6, 7, 9, 10, 11, 13], z = 361.76567372454394
oc=[3, 5, 6, 7, 9, 10, 13], z = 394.3203951615999
oc=[3, 5, 6, 7, 9, 10, 11, 13], z = 361.76567372454394
oc=[3, 6, 7, 9, 10, 11, 13], z = 370.2766
oc=[3, 6, 7, 9, 10, 13], z = 402.89099999999996
oc=[3, 6, 7, 9, 10, 11, 13], z = 370.2766
oc=[1, 4, 6, 7, 9, 10, 11, 13], z = 379.07680000000005
oc=[1, 4, 6, 7, 9, 10, 13], z = 411.6912
oc=[1, 4, 6, 7, 9, 10, 13], z = 411.6912
oc=[1, 2, 4, 5, 6, 9, 10, 11, 13], z = 329.88147459594234
oc=[1, 2, 4, 5, 6, 9, 10, 13], z = 356.52834364416003
oc=[1, 2, 4, 5, 6, 9, 10, 13], z = 356.52834364416003
oc=[3, 4, 5, 6, 7, 9, 11, 12, 13], z = 344.6392342112743
oc=[3, 4, 5, 6, 7, 9, 12, 13], z = 371.7479610593281
oc=[3, 4, 5, 6, 7, 9, 11, 12, 13], z = 344.6392342112743
oc=[1, 5, 6, 7, 9, 10, 11, 13], z = 367.57513358528
oc=[1, 5, 6, 7, 9, 10, 13], z = 399.62005139199994
oc=[1, 5, 6, 7, 9, 10, 11, 13], z = 367.57513358528
oc=[1, 4, 7, 9, 11, 12, 13], z = 370.86
oc=[1, 4, 7, 9, 12, 13], z = 401.80000000000007
oc=[1, 4, 7, 9, 11, 12, 13], z = 370.86
oc=[1, 4, 5, 6, 7, 9, 10, 11, 13], z = 351.4538640349184
oc=[1, 4, 5, 6, 7, 9, 10, 13], z = 378.24865788415997
oc=[1, 4, 5, 6, 7, 9, 10, 11, 13], z = 351.4538640349184
oc=[2, 3, 5, 6, 7, 9, 11, 12, 13], z = 353.75992604454404
oc=[2, 3, 5, 6, 7, 9, 12, 13], z = 384.64024748159994
oc=[2, 3, 5, 6, 7, 9, 12, 13], z = 384.64024748159994
oc=[2, 3, 6, 7, 9, 11, 12, 13], z = 361.774036
oc=[2, 3, 6, 7, 9, 12, 13], z = 392.7140360000001
oc=[2, 3, 6, 7, 9, 12, 13], z = 392.7140360000001
oc=[2, 3, 5, 7, 9, 11, 12, 13], z = 347.29145495039995
oc=[2, 3, 5, 7, 9, 12, 13], z = 377.68892256
oc=[2, 3, 5, 7, 9, 11, 12, 13], z = 347.29145495039995
oc=[1, 4, 7, 8, 9, 10, 11, 13], z = 378.16262399999994
oc=[1, 4, 7, 8, 9, 10, 13], z = 403.0544
oc=[1, 4, 7, 8, 9, 10, 13], z = 403.0544
oc=[2, 3, 4, 5, 7, 9, 10, 11, 13], z = 320.6786639103491
oc=[1, 6, 7, 9, 10, 11, 13], z = 376.9056
oc=[1, 6, 7, 9, 10, 13], z = 409.52
oc=[1, 6, 7, 9, 10, 11, 13], z = 376.9056
oc=[3, 4, 5, 6, 7, 9, 10, 11, 13], z = 348.10426178217557
oc=[3, 4, 5, 6, 7, 9, 10, 13], z = 376.227961059328
oc=[3, 4, 5, 6, 7, 9, 10, 11, 13], z = 348.10426178217557
oc=[2, 3, 5, 7, 9, 10, 11, 13], z = 350.09705495040004
oc=[2, 3, 5, 7, 9, 10, 13], z = 382.16892256000006
oc=[2, 3, 5, 7, 9, 10, 13], z = 382.16892256000006
oc=[1, 4, 9, 10, 11, 13], z = 362.74559999999997
oc=[1, 4, 9, 10, 13], z = 395.36
oc=[1, 4, 9, 10, 11, 13], z = 362.74559999999997
oc=[3, 4, 8, 9, 10, 11, 13], z = 362.36929411840003
oc=[3, 4, 8, 9, 10, 13], z = 388.622712
oc=[3, 4, 8, 9, 10, 13], z = 388.622712
oc=[1, 4, 5, 9, 11, 12, 13], z = 330.24287936
oc=[1, 2, 4, 6, 7, 9, 10, 11, 13], z = 365.87371792
oc=[1, 2, 4, 6, 7, 9, 10, 13], z = 398.4881179199999
oc=[1, 2, 4, 6, 7, 9, 10, 13], z = 398.4881179199999
oc=[1, 2, 4, 8, 9, 11, 12, 13], z = 355.0464
oc=[1, 2, 4, 8, 9, 12, 13], z = 379.87119999999993
oc=[1, 2, 4, 8, 9, 11, 12, 13], z = 355.0464
oc=[1, 2, 4, 6, 8, 9, 11, 12, 13], z = 363.53628799999996
oc=[1, 2, 4, 6, 8, 9, 12, 13], z = 388.3610879999999
oc=[1, 2, 4, 6, 8, 9, 12, 13], z = 388.3610879999999
oc=[3, 4, 6, 7, 9, 11, 12, 13], z = 369.64220000000006
oc=[3, 4, 6, 7, 9, 12, 13], z = 400.58220000000006
oc=[3, 4, 6, 7, 9, 12, 13], z = 400.58220000000006
oc=[3, 5, 6, 7, 9, 11, 12, 13], z = 358.9600737245439
oc=[3, 5, 6, 7, 9, 12, 13], z = 389.8403951616
oc=[3, 5, 6, 7, 9, 12, 13], z = 389.8403951616
oc=[3, 6, 7, 9, 11, 12, 13], z = 367.471
oc=[3, 6, 7, 9, 12, 13], z = 398.41099999999994
oc=[3, 6, 7, 9, 12, 13], z = 398.41099999999994
oc=[3, 4, 7, 9, 10, 11, 13], z = 367.0366
oc=[3, 4, 7, 9, 10, 13], z = 399.65100000000007
oc=[3, 4, 7, 9, 10, 11, 13], z = 367.0366
oc=[2, 3, 4, 5, 6, 8, 9, 11, 12, 13], z = 330.56567709561244
oc=[1, 2, 3, 5, 8, 9, 10, 11, 13], z = 316.8236714419026
oc=[2, 3, 7, 9, 10, 11, 13], z = 374.2518
oc=[2, 3, 7, 9, 10, 13], z = 406.86620000000005
oc=[2, 3, 7, 9, 10, 11, 13], z = 374.2518
oc=[3, 4, 7, 9, 11, 12, 13], z = 364.23100000000005
oc=[3, 4, 7, 9, 12, 13], z = 395.17100000000005
oc=[3, 4, 7, 9, 12, 13], z = 395.17100000000005
oc=[2, 3, 4, 7, 9, 10, 11, 13], z = 348.9886
oc=[2, 3, 4, 7, 9, 10, 13], z = 381.60300000000007
oc=[2, 3, 4, 7, 9, 10, 11, 13], z = 348.9886
oc=[2, 3, 4, 6, 7, 9, 10, 11, 13], z = 359.24471791999997
oc=[2, 3, 4, 6, 7, 9, 10, 13], z = 391.85911792
oc=[2, 3, 4, 6, 7, 9, 10, 13], z = 391.85911792
oc=[3, 4, 6, 7, 9, 10, 11, 13], z = 372.4478000000001
oc=[3, 4, 6, 7, 9, 10, 13], z = 405.06219999999996
oc=[3, 4, 6, 7, 9, 10, 11, 13], z = 372.4478000000001
oc=[3, 4, 8, 9, 11, 12, 13], z = 358.60872352000007
oc=[3, 4, 8, 9, 12, 13], z = 384.142712
oc=[3, 4, 8, 9, 12, 13], z = 384.142712
oc=[2, 3, 4, 5, 7, 9, 10, 11, 13], z = 320.6786639103491
oc=[2, 3, 4, 5, 7, 9, 10, 13], z = 352.7505315194339
oc=[2, 3, 4, 5, 7, 9, 10, 11, 13], z = 320.6786639103491
oc=[2, 3, 4, 5, 7, 9, 11, 12, 13], z = 317.8730639102981
oc=[2, 3, 4, 5, 7, 9, 12, 13], z = 348.27053151886787
oc=[2, 3, 4, 5, 7, 9, 12, 13], z = 348.27053151886787
oc=[2, 3, 6, 8, 9, 11, 12, 13], z = 361.84872351999996
oc=[2, 3, 6, 8, 9, 12, 13], z = 387.382712
oc=[2, 3, 6, 8, 9, 12, 13], z = 387.382712
oc=[2, 3, 5, 6, 8, 9, 11, 12, 13], z = 353.34346342898175
oc=[2, 3, 5, 6, 8, 9, 12, 13], z = 378.875064766464
oc=[2, 3, 5, 6, 8, 9, 11, 12, 13], z = 353.34346342898175
oc=[1, 2, 5, 9, 10, 11, 13], z = 350.52847935999995
oc=[1, 2, 5, 9, 10, 13], z = 380.00438399999996
oc=[1, 2, 5, 9, 10, 13], z = 380.00438399999996
oc=[1, 5, 6, 9, 11, 12, 13], z = 353.84953358528
oc=[1, 5, 6, 9, 12, 13], z = 384.220051392
oc=[1, 5, 6, 9, 11, 12, 13], z = 353.84953358528
oc=[1, 2, 4, 6, 9, 10, 11, 13], z = 363.45228800000007
oc=[1, 2, 4, 6, 9, 10, 13], z = 396.066688
oc=[1, 2, 4, 6, 9, 10, 11, 13], z = 363.45228800000007
MIN - MONTE CARLO - OTIMIZADO
280.2 <- [1, 2, 3, 4, 5, 6, 7, 8, 9, 10, 11, 13]
MIN - EXAUSTIVO
248.1 <- [1, 2, 3, 4, 5, 6, 8, 9, 10, 11, 12, 13]
