Academic license - for non-commercial use only - expires 2022-09-27
Using license file C:\gurobi912\win64\gurobi.lic
SOLUÇÃO SEM ENTREGADORES OCASIONAIS -> 366
oc=[2, 3, 6, 8, 9, 13], z = 378.98271200000005
oc=[10, 11, 13, 7], z = 367.8456
oc=[1, 2, 6, 7, 8, 9, 13], z = 387.717436
oc=[7, 8, 10, 11, 12], z = 343.75544
oc=[3, 4, 6, 7, 8, 9, 12, 13], z = 400.47391200000004
oc=[1, 2, 4, 5, 7, 8, 9, 10], z = 343.5555353599999
oc=[8, 11, 4], z = 318.89520000000005
oc=[1, 2, 3, 6, 7, 8, 9, 10, 12, 13], z = 401.6392335394232
oc=[2, 4, 6, 8, 9, 10, 11], z = 346.214912
oc=[1, 3, 8, 9, 10, 11, 12, 13], z = 331.2074056545436
oc=[4, 7, 8, 10, 11, 12], z = 338.4129378816
oc=[1, 3, 5, 6, 7, 8, 9, 10, 11, 13], z = 335.28355418646163
oc=[1, 2, 3, 8, 11], z = 352.8052
oc=[1, 2, 4, 7, 9, 10, 12], z = 384.4264
oc=[5, 6, 9, 11, 12], z = 334.48291584000003
oc=[3, 5, 6, 7, 9, 11, 13], z = 350.56007372454394
oc=[2, 5, 7, 10, 11, 12, 13], z = 330.462807124224
oc=[1, 4, 5, 6, 7, 8, 9, 11], z = 333.57518682065916
oc=[2, 7, 9, 12, 13], z = 399.51519999999994
oc=[1, 3, 4, 6, 9, 10, 12], z = 404.74563142400007
oc=[1, 3, 4, 5, 9, 12, 13], z = 328.26188459136
oc=[1, 2, 3, 5, 6, 8, 9, 11, 12, 13], z = 322.1266399893907
oc=[1, 2, 5, 13], z = 362.4
oc=[1, 2, 4, 6, 9], z = 372.52668800000004
oc=[1, 2, 3, 5, 7, 8, 9, 12], z = 371.62804102467845
oc=[1, 2, 5, 7, 8, 9, 10, 11, 12], z = 343.94613868262405
oc=[5, 6, 7, 8, 9, 10, 11], z = 351.1619175935999
oc=[1, 3, 4, 5, 6, 8, 9, 10, 12, 13], z = 333.50846068081864
oc=[2, 3, 6, 10, 12], z = 378.4244
oc=[2, 3, 5, 6, 7, 8], z = 353.08025232
oc=[1, 3, 7, 8, 11, 13], z = 361.95702416000006
oc=[1, 7, 9, 10, 11, 12], z = 364.13281599999993
oc=[2, 3, 4, 6, 8, 11], z = 326.531888
oc=[1, 4, 5, 6, 7, 9, 10, 12, 13], z = 385.1030578841601
oc=[1, 2, 4, 8, 9, 10, 11, 13], z = 359.459424
oc=[1, 2, 5, 6, 8, 9, 10, 11, 12, 13], z = 356.74311278918134
oc=[1, 3, 5, 6, 7, 9, 10], z = 388.610949936
oc=[9, 5, 6, 7], z = 367.618752
oc=[9, 10, 11, 5], z = 331.156544
oc=[1, 2, 5, 6, 8, 9, 10, 12], z = 380.64447743999995
oc=[3, 5, 6, 7, 9, 10, 11], z = 355.13851583999997
oc=[2, 7, 8, 9, 10, 11], z = 363.643424
oc=[1, 2, 13, 6], z = 371.92
oc=[3, 4, 6, 7, 8, 10], z = 379.86120000000005
oc=[2, 5, 6, 7, 12, 13], z = 370.01025232
oc=[3, 4, 8, 10, 11], z = 338.63822400000004
oc=[1, 5, 7, 10, 11, 13], z = 353.5856
oc=[3, 4, 8, 10, 12], z = 370.3844
oc=[1, 2, 6, 7, 11, 13], z = 346.203036
oc=[1, 2, 5, 7, 11, 12, 13], z = 345.031712
oc=[3, 5, 6, 7, 8, 11, 12, 13], z = 352.43912351999995
oc=[1, 4, 5, 6, 9, 10, 13], z = 367.32865788415995
oc=[9, 11], z = 348.85999999999996
oc=[1, 2, 4, 5, 9, 11, 12], z = 311.68018240000004
oc=[1, 2, 5, 7, 11], z = 325.971712
oc=[1, 5, 8, 9, 11, 13], z = 342.51046397439995
oc=[1, 4, 6, 8, 9, 11], z = 347.6064
oc=[1, 5, 6, 7, 11, 13], z = 345.3704
oc=[9, 12, 1, 6], z = 383.46000000000004
oc=[2, 4, 5, 8, 9, 11, 12], z = 304.68274176
oc=[5, 6, 8, 9, 12, 13], z = 372.88096911360003
oc=[2, 3, 4, 5, 6, 7, 9, 10, 11, 13], z = 326.62400070890027
oc=[3, 4, 6, 7, 8, 9, 10, 12, 13], z = 411.808312
oc=[1, 2, 9, 11, 12, 13], z = 377.41999999999996
oc=[2, 4, 5, 6, 9, 10, 13], z = 349.24589504000005
oc=[2, 3, 4, 5, 9, 10, 11, 13], z = 319.66214295040004
oc=[1, 5, 6, 12, 13], z = 373.7904
oc=[1, 3, 4, 6, 7, 8, 11, 12, 13], z = 362.29404050631274
oc=[1, 2, 5, 6, 11], z = 323.7904
oc=[2, 4, 7, 8, 9, 10, 12], z = 370.1264000000001
oc=[2, 4, 5, 8, 9, 10, 12], z = 340.72406400000006
oc=[1, 3, 4, 8, 9, 10, 12], z = 394.544122336
oc=[1, 2, 3, 6, 7, 9, 13], z = 376.09018466504324
oc=[1, 2, 4, 7, 8, 9, 10, 12], z = 379.6264
oc=[4, 5, 9, 10, 12], z = 350.1984
oc=[2, 4, 5, 6, 8, 9, 10, 11], z = 317.39753502470137
oc=[4, 9, 10, 12, 13], z = 392.7144
oc=[3, 5, 6, 9, 11, 12, 13], z = 348.04007372454396
oc=[9, 2, 13, 1], z = 399.96000000000004
oc=[1, 2, 4, 5, 6, 9, 10, 12, 13], z = 363.38274364416
oc=[2, 3, 4, 6, 9, 10, 11, 12], z = 342.93127642880006
oc=[1, 2, 3, 4, 5, 9, 10, 11, 12, 13], z = 286.27113615927067
oc=[2, 3, 4, 5, 7, 13], z = 331.5243208715431
oc=[2, 4, 5, 9, 10, 12], z = 342.4152
oc=[1, 3, 4, 6, 7, 9, 10, 11, 12, 13], z = 357.599399151356
oc=[1, 5, 7, 8, 10, 11], z = 345.84822399999996
oc=[1, 6, 8, 9, 10], z = 383.14
oc=[2, 3, 4, 5, 6, 9, 10, 11], z = 317.588298715136
oc=[4, 5, 6, 8, 9, 10, 11], z = 327.43767834216453
oc=[1, 2, 5, 7, 8, 10, 11, 12], z = 335.790054586624
oc=[1, 2, 3, 7, 9, 10, 12, 13], z = 399.85706677312
oc=[4, 9, 10, 11, 13], z = 353.24559999999997
oc=[1, 4, 6, 8, 9, 10, 12, 13], z = 404.40000000000003
oc=[2, 4, 8, 9, 13], z = 361.9712
oc=[4, 6, 8, 9, 11, 12, 13], z = 358.7407999999999
oc=[9, 12, 5, 6], z = 365.098752
oc=[1, 2, 5, 8, 10, 11, 13], z = 347.16262399999994
oc=[3, 4, 5, 8, 9, 13], z = 347.10126442240005
oc=[2, 3, 4, 5, 9], z = 329.61080000000004
oc=[2, 4, 5, 7, 8, 10], z = 326.07332096
oc=[3, 4, 5, 9, 11, 12, 13], z = 324.6397429504
oc=[3, 5, 6, 8, 9, 12], z = 367.57072703999995
oc=[1, 4, 6, 7, 9, 12], z = 396.5512
oc=[2, 3, 4, 5, 8, 9, 11, 12], z = 311.61274175999995
oc=[3, 4, 6, 8, 9, 12], z = 378.26120000000003
oc=[1, 2, 6, 8, 9, 10, 11, 12, 13], z = 364.5816693035521
oc=[2, 3, 5, 6, 9, 10, 13], z = 383.4003951616
oc=[1, 3, 4, 6, 8, 9, 12], z = 388.62585085696
oc=[1, 2, 7, 8, 9, 10, 11, 12, 13], z = 369.86640590720015
oc=[3, 6, 8, 9, 10, 13], z = 391.862712
oc=[2, 3, 4, 6, 7, 8, 9], z = 367.57811792000007
oc=[1, 3, 8, 9, 10, 11, 13], z = 354.8258264144
oc=[1, 2, 6, 8, 9, 10, 11, 13], z = 370.482624
oc=[2, 3, 4, 5, 9, 11, 12], z = 310.017744
oc=[2, 6, 9, 11, 12], z = 343.02000000000004
oc=[1, 2, 3, 9, 11], z = 365.9995132
oc=[4, 5, 6, 9, 11, 13], z = 320.763937226752
oc=[2, 3, 4, 5, 6, 8, 9, 12], z = 344.49872911769603
oc=[4, 5, 8, 9, 12, 13], z = 349.4603737599999
oc=[1, 6, 7, 8, 10, 12], z = 387.11440000000005
oc=[3, 4, 6, 7, 8, 12, 13], z = 386.6739120000001
oc=[1, 4, 5, 6, 7, 12, 13], z = 373.65241216000004
oc=[3, 4, 5, 7, 8, 10, 11, 12], z = 322.51172032819204
oc=[3, 6, 7, 10, 11, 13], z = 356.47659999999996
oc=[3, 4, 6, 7, 10, 11, 12], z = 344.7557884288001
oc=[1, 5, 6, 7, 10, 11], z = 345.916
oc=[2, 3, 4, 5, 6, 9, 11, 12], z = 313.67273815142397
oc=[1, 2, 3, 4, 5, 8, 10, 11, 13], z = 317.5521811942319
oc=[3, 4, 5, 8, 9, 13], z = 347.10126442240005
oc=[2, 3, 4, 5, 6, 9, 11], z = 305.272738151424
oc=[5, 7, 8, 10, 11, 12], z = 331.60522058239997
oc=[9, 11, 12], z = 357.26
oc=[2, 3, 4, 9, 11, 12, 13], z = 345.5278
oc=[2, 3, 4, 6, 7, 10, 11, 12], z = 331.5844686291098
oc=[2, 3, 4, 5, 8, 9, 11, 12], z = 311.61274175999995
oc=[2, 5, 6, 9, 11, 13], z = 336.7560605056
oc=[1, 2, 3, 7, 8, 10, 11, 12, 13], z = 343.0905105879417
oc=[9, 11, 4, 1], z = 340.88
oc=[1, 6, 8, 9, 12, 13], z = 390.8944
oc=[1, 2, 4, 5, 6, 7, 8, 9, 12, 13], z = 357.9639039128433
oc=[1, 4, 7, 8, 9, 11, 13], z = 365.3496
oc=[3, 5, 7, 8, 10, 11], z = 343.278224
oc=[2, 4, 5, 8, 9, 11, 12], z = 304.68274176
oc=[9, 2, 3, 12], z = 395.13
oc=[3, 4, 9, 11, 12], z = 346.71000000000004
oc=[2, 5, 7, 8, 9, 11, 13], z = 338.9568336384
oc=[4, 5, 7, 10, 11, 12], z = 308.6472746495999
oc=[8, 9, 2, 6], z = 360.76
oc=[3, 8, 9, 11, 12], z = 365.50519999999995
oc=[2, 3, 6, 8, 10, 12, 13], z = 384.917112
oc=[1, 3, 4, 5, 6, 7, 10, 13], z = 371.37634739840007
oc=[5, 12, 13, 7], z = 372.21999999999997
oc=[1, 5, 8, 10, 11, 12, 13], z = 341.11313207398405
oc=[3, 4, 5, 7, 8, 10, 11, 13], z = 335.72929411840005
oc=[2, 5, 10, 11, 12, 13], z = 324.85797312
oc=[1, 2, 3, 7, 8, 10, 12, 13], z = 403.68351483497884
oc=[8, 13], z = 373.4344
oc=[1, 4, 5, 6, 8, 10, 11, 13], z = 340.78939825817605
oc=[1, 3, 4, 8, 10, 12, 13], z = 385.55474283207684
oc=[1, 4, 5, 6, 7, 8, 11, 12, 13], z = 347.2963742581759
oc=[1, 2, 6, 7, 8, 12, 13], z = 382.317436
oc=[3, 4, 6, 7, 8, 10, 12, 13], z = 398.00831200000005
oc=[3, 5, 10, 12, 13], z = 375.5054
oc=[1, 7, 8, 11, 12, 13], z = 377.42959999999994
oc=[1, 2, 4, 6, 8, 10, 12, 13], z = 385.8954879999999
oc=[3, 4, 6, 7, 8, 11, 12, 13], z = 361.1399235200001
oc=[4, 5, 7, 11, 12, 13], z = 323.80000000000007
oc=[2, 3, 6, 7, 12, 13], z = 378.9140360000001
oc=[1, 2, 5, 6, 7, 10, 11, 12, 13], z = 344.09225838366456
oc=[1, 2, 3, 4, 7, 8, 10, 11, 12, 13], z = 331.17102504644436
oc=[4, 7, 8, 10, 13], z = 379.7544
oc=[1, 5, 7, 12, 13], z = 381.72
oc=[3, 4, 5, 6, 7, 10, 13], z = 372.6732873984
oc=[1, 2, 3, 4, 5, 6, 8, 12, 13], z = 352.7738851527504
oc=[2, 3, 13, 6], z = 365.29100000000005
oc=[2, 3, 4, 5, 11, 12, 13], z = 307.9678
oc=[2, 3, 5, 6, 7, 8, 12], z = 361.48025232
oc=[1, 4, 5, 8, 11, 13], z = 316.8696
oc=[1, 2, 4, 5, 12, 13], z = 345.5368
oc=[2, 3, 4, 11, 13], z = 323.3278
oc=[11, 12, 4, 6], z = 331.39119999999997
oc=[3, 6, 11, 12, 13], z = 342.751
oc=[8, 1, 3, 13], z = 383.3083032
oc=[4, 5, 8, 11, 13], z = 307.3696
oc=[2, 3, 4, 8, 13], z = 354.15951199999995
oc=[3, 5, 6, 7, 8, 11], z = 333.4556
oc=[1, 2, 3, 6, 8, 12, 13], z = 377.33148437632
oc=[5, 12, 13, 6], z = 364.2904
oc=[3, 4, 6, 11, 12, 13], z = 344.92220000000003
oc=[13, 6], z = 362.41999999999996
oc=[2, 4, 5, 7, 8, 9, 11, 12, 13], z = 317.9384425983999
oc=[4, 5, 9, 11, 12], z = 310.87094399999995
oc=[8, 1, 3], z = 377.63
oc=[2, 3, 4, 7, 8, 11, 12], z = 327.0972
oc=[8, 1, 4, 7], z = 364.14
oc=[2, 5, 12, 13], z = 361.29999999999995
oc=[1, 4, 6, 7, 8, 9, 11, 13], z = 370.7608
oc=[7, 8, 9, 11, 13], z = 373.3296
oc=[2, 5, 8, 9, 12, 13], z = 366.94037375999994
oc=[4, 6, 8, 9, 12, 13], z = 383.56559999999996
oc=[1, 2, 3, 4, 5, 6, 7, 9, 11, 13], z = 284.53215360139404
oc=[3, 4, 5, 6, 7, 8, 9, 11, 13], z = 343.1255037044509
oc=[1, 2, 5, 7, 8, 9, 11, 12, 13], z = 356.0821759744
oc=[1, 2, 6, 7, 8, 9, 13], z = 387.717436
oc=[2, 7, 8, 9, 11, 13], z = 363.0647999999999
oc=[4, 6, 7, 9, 13], z = 389.3112
oc=[9, 5, 12, 13], z = 368.331744
oc=[2, 7, 9, 10, 12, 13], z = 410.8496
oc=[9, 2, 13, 7], z = 391.11519999999996
oc=[2, 3, 5, 8, 9, 10, 13], z = 377.46126442239995
oc=[1, 3, 4, 9, 11, 12, 13], z = 344.98729046208007
oc=[1, 4, 6, 9, 12, 13], z = 396.29119999999995
oc=[2, 5, 6, 9, 12, 13], z = 375.90480384
oc=[1, 2, 4, 8, 9, 10, 13], z = 384.35119999999995
oc=[1, 4, 6, 7, 9, 11, 13], z = 367.87119999999993
oc=[1, 2, 9, 12, 13], z = 408.35999999999996
oc=[1, 2, 3, 4, 5, 6, 7, 9, 10, 11, 13], z = 296.00927968683015
oc=[1, 2, 3, 5, 6, 7, 8, 9, 10, 11, 12, 13], z = 303.6053924784186
oc=[1, 6, 7, 9, 10, 12, 13], z = 416.3744
oc=[1, 2, 5, 7, 8, 9, 10, 11, 12, 13], z = 354.878830052608
oc=[1, 3, 4, 5, 7, 9, 10, 12, 13], z = 350.5162845913601
oc=[3, 6, 7, 9, 10, 11, 13], z = 370.2766
oc=[3, 5, 9, 10, 11, 13], z = 344.92534295039997
oc=[2, 4, 6, 8, 9, 10, 11, 13], z = 358.449312
oc=[2, 3, 6, 9, 10, 11, 12], z = 344.53939536000007
oc=[3, 4, 5, 8, 9, 10, 13], z = 359.98126442240005
oc=[2, 3, 4, 9, 10], z = 374.34680000000003
oc=[1, 2, 3, 7, 8, 9, 10, 11, 12], z = 368.19434919570875
oc=[2, 4, 5, 6, 7, 8, 9, 13], z = 341.54667262555137
oc=[3, 6, 7, 8, 9, 11, 13], z = 364.36872351999995
oc=[3, 7, 9, 11, 12, 13], z = 381.711
oc=[3, 4, 9, 10, 11], z = 349.5156
oc=[2, 4, 5, 6, 8, 9, 10, 11], z = 317.39753502470137
oc=[1, 3, 6, 8, 9, 10, 12, 13], z = 396.01371051916703
oc=[4, 6, 8, 9, 12, 13], z = 383.56559999999996
oc=[1, 2, 4, 5, 7, 8, 9, 10, 11, 13], z = 331.07680893439993
oc=[4, 5, 6, 8, 9, 10, 11, 12], z = 324.338484435347
oc=[1, 2, 4, 7, 8, 9, 10, 12, 13], z = 391.86080000000004
oc=[2, 5, 6, 9, 10, 11, 12, 13], z = 340.6304231488
oc=[3, 4, 9, 10, 11, 12, 13], z = 348.17466207999996
oc=[1, 2, 3, 5, 6, 8, 9, 10, 11], z = 352.86038567662797
oc=[3, 4, 9, 10, 11, 13], z = 356.1166
oc=[2, 6, 9, 10, 12, 13], z = 395.9544
oc=[1, 2, 3, 9, 10, 12, 13], z = 395.29390960000006
oc=[1, 7, 8, 9, 11, 12, 13], z = 391.22959999999995
oc=[2, 3, 4, 6, 7, 9, 10, 12, 13], z = 398.71351792
oc=[2, 8, 9, 11, 12, 13], z = 370.80960000000005
oc=[4, 5, 8, 9, 10, 12, 13], z = 360.79477376
oc=[3, 6, 8, 9, 10, 11, 12, 13], z = 358.00387015561216
oc=[9, 10, 5, 13], z = 372.811744
oc=[2, 5, 8, 9, 10, 13], z = 371.4203737600001
oc=[2, 4, 5, 7, 8, 9, 11, 12, 13], z = 317.9384425983999
oc=[1, 2, 3, 5, 6, 7, 9, 11, 12, 13], z = 329.94479054858925
oc=[2, 5, 7, 9, 11, 13], z = 335.90215295999997
oc=[3, 4, 6, 7, 8, 9, 11, 12, 13], z = 374.9399235200001
oc=[1, 4, 5, 7, 8, 9, 12, 13], z = 369.04972416000004
oc=[1, 2, 6, 7, 9, 10, 12, 13], z = 410.677436
oc=[1, 5, 6, 9, 11, 12, 13], z = 353.84953358528
oc=[1, 4, 5, 8, 9, 12, 13], z = 358.12972416
oc=[1, 2, 3, 8, 9, 12, 13], z = 383.321050464
oc=[1, 3, 4, 5, 6, 9, 11, 12, 13], z = 303.49279925851584
oc=[1, 4, 6, 9, 11, 12, 13], z = 365.35119999999995
oc=[1, 3, 9, 11, 12, 13], z = 353.30296877600006
oc=[1, 5, 8, 9, 11, 12, 13], z = 350.9104639744
oc=[1, 3, 4, 8, 9, 11, 12, 13], z = 350.41569095661464
oc=[2, 3, 4, 5, 9, 11, 13], z = 308.45654295040003
oc=[1, 4, 9, 11, 12, 13], z = 359.94000000000005
oc=[9, 3, 1, 6], z = 382.66490280000005
oc=[11, 9, 3, 4], z = 338.30999999999995
oc=[9, 11, 4], z = 331.38
oc=[1, 2, 6, 9, 12, 13], z = 394.12
oc=[1, 4, 6, 8, 9, 12, 13], z = 393.0656
oc=[1, 8, 9, 11, 12, 13], z = 380.30960000000005
oc=[1, 8, 9, 10, 11, 13], z = 384.722624
oc=[2, 3, 6, 7, 8, 9, 11, 12, 13], z = 367.07175952000006
oc=[1, 4, 5, 8, 9, 11, 12, 13], z = 333.4304639744
oc=[1, 8, 9, 11, 12, 13], z = 380.30960000000005
oc=[1, 8, 9, 12, 13], z = 405.1344
oc=[1, 8, 9, 11, 12, 13], z = 380.30960000000005
oc=[2, 5, 6, 9, 10, 13], z = 380.38480384
oc=[6, 9, 11, 12, 13], z = 353.68000000000006
oc=[8, 9, 11, 12, 13], z = 370.8096
oc=[1, 2, 4, 7, 9, 12, 13], z = 383.75199999999995
oc=[1, 4, 5, 6, 7, 8, 9, 10, 12, 13], z = 390.2250766936063
oc=[1, 2, 8, 9, 12, 13], z = 405.1344
oc=[4, 8, 9, 10, 11, 13], z = 357.742624
oc=[5, 9, 10, 11, 13], z = 341.93604095999996
oc=[3, 4, 6, 8, 9, 10, 13], z = 394.0339120000001
oc=[3, 4, 8, 9, 10, 13], z = 388.622712
oc=[4, 5, 6, 8, 9, 12, 13], z = 359.90229918719996
oc=[5, 9, 11, 12, 13], z = 339.13044096
oc=[4, 6, 9, 11, 13], z = 347.45120000000003
oc=[6, 8, 9, 12, 13], z = 381.39439999999996
oc=[8, 9, 12, 13], z = 395.6344
oc=[3, 5, 7, 9, 12, 13], z = 383.43721056
oc=[4, 6, 7, 9, 10, 12, 13], z = 409.04560000000004
oc=[1, 4, 6, 8, 9, 12, 13], z = 393.0656
oc=[1, 2, 4, 5, 9, 10, 13], z = 354.741184
oc=[1, 2, 4, 5, 6, 8, 9, 10, 13], z = 361.83632506060803
oc=[4, 6, 9, 10, 11, 12, 13], z = 351.3657884288
oc=[1, 2, 3, 4, 5, 6, 8, 9, 10, 13], z = 313.6331243746764
oc=[1, 2, 4, 6, 9, 10, 11, 13], z = 363.45228800000007
oc=[3, 4, 8, 9, 10, 12], z = 384.1844
oc=[1, 4, 5, 8, 9, 10, 11, 12], z = 322.317804424192
oc=[1, 2, 3, 4, 5, 9, 10, 11, 12], z = 310.09619927103995
oc=[2, 3, 5, 8, 9, 10, 12, 13], z = 384.3156644224
oc=[3, 6, 9, 10, 12, 13], z = 398.82539999999995
oc=[1, 3, 4, 5, 6, 9, 10, 11, 12, 13], z = 299.8472664257845
oc=[1, 3, 5, 8, 9, 10, 11, 12, 13], z = 296.54089640558317
oc=[1, 2, 6, 8, 9, 10, 11, 13], z = 370.482624
oc=[1, 4, 5, 6, 9, 10, 13], z = 367.32865788415995
oc=[1, 4, 7, 8, 9, 12, 13], z = 398.57439999999997
oc=[1, 2, 8, 9, 10, 11, 13], z = 384.7226240000001
oc=[2, 5, 9, 11, 12, 13], z = 339.13044096
oc=[2, 4, 5, 6, 8, 9, 11, 12, 13], z = 325.21886498760693
oc=[3, 4, 6, 8, 9, 12, 13], z = 389.553912
oc=[2, 3, 4, 8, 9, 12, 13], z = 376.35951200000005
oc=[1, 2, 4, 6, 7, 8, 9, 10, 12, 13], z = 402.1169179199999
oc=[1, 5, 8, 9, 11, 12, 13], z = 350.9104639744
oc=[1, 5, 8, 9, 12, 13], z = 375.60972416
oc=[1, 5, 8, 9, 11, 12, 13], z = 350.9104639744
oc=[1, 3, 6, 9, 11, 12, 13], z = 347.92845388536
oc=[1, 4, 8, 9, 11, 12, 13], z = 362.8296
oc=[1, 4, 8, 9, 12, 13], z = 387.6544
oc=[1, 4, 8, 9, 12, 13], z = 387.6544
oc=[1, 4, 5, 8, 9, 11, 12, 13], z = 333.4304639744
oc=[1, 4, 5, 8, 9, 12, 13], z = 358.12972416
oc=[1, 4, 5, 8, 9, 12, 13], z = 358.12972416
oc=[8, 9, 3, 13], z = 393.222712
oc=[2, 3, 5, 7, 9, 12, 13], z = 377.68892256
oc=[3, 4, 6, 8, 9, 10, 11, 13], z = 367.7804941184001
oc=[1, 2, 4, 9, 11, 13], z = 343.7568
oc=[1, 3, 6, 8, 9, 11, 13], z = 345.3534382340832
oc=[1, 2, 5, 6, 9, 12, 13], z = 384.22005139199996
oc=[1, 2, 4, 5, 6, 8, 9, 10, 13], z = 361.83632506060803
oc=[1, 3, 4, 5, 9, 10, 11, 13], z = 301.29039083505916
oc=[1, 2, 6, 8, 9, 10, 11, 13], z = 370.482624
oc=[1, 5, 8, 9, 10, 13], z = 380.08972416
oc=[3, 4, 6, 9, 11, 12, 13], z = 358.72220000000004
oc=[2, 3, 6, 9, 11, 12, 13], z = 356.55100000000004
oc=[2, 6, 9, 12, 13], z = 384.62
oc=[2, 4, 5, 8, 9, 11, 12, 13], z = 316.9219216384
oc=[2, 5, 9, 11, 12, 13], z = 339.13044096
oc=[1, 4, 5, 9, 13], z = 349.64438400000006
oc=[3, 6, 8, 9, 11, 12, 13], z = 361.84872352
oc=[3, 5, 6, 9, 12], z = 372.02875199999994
oc=[9, 2, 12, 1], z = 397.69999999999993
oc=[2, 3, 6, 9, 11, 12], z = 349.95000000000005
oc=[2, 3, 4, 5, 6, 8, 9, 12], z = 344.49872911769603
oc=[2, 3, 4, 5, 6, 9, 11, 12], z = 313.67273815142397
oc=[2, 4, 5, 9, 12, 13], z = 343.06854400000003
oc=[2, 6, 8, 9, 12, 13], z = 381.3944
oc=[2, 4, 8, 9, 12, 13], z = 370.37120000000004
oc=[1, 5, 6, 8, 9, 12, 13], z = 381.59522381567996
oc=[1, 7, 9, 10, 11, 12, 13], z = 374.79281599999996
oc=[1, 2, 4, 5, 6, 7, 9, 11, 12, 13], z = 326.03526356511315
oc=[1, 2, 4, 6, 7, 8, 9, 12, 13], z = 390.78251792000003
oc=[2, 4, 6, 8, 9, 12, 13], z = 378.861088
oc=[2, 3, 9, 10, 13], z = 406.211
oc=[1, 3, 4, 6, 7, 8, 9, 12, 13], z = 399.2815819323147
oc=[1, 2, 4, 5, 8, 9, 10, 11, 13], z = 330.0602879744
oc=[1, 2, 5, 8, 9, 10, 13], z = 380.08972415999995
oc=[2, 3, 7, 9, 10, 11, 12, 13], z = 361.5083660352
oc=[2, 4, 6, 7, 8, 9, 10, 11, 12, 13], z = 356.50474626709
oc=[1, 3, 4, 5, 7, 8, 9, 10, 13], z = 345.8928266848768
oc=[3, 4, 7, 9, 10, 11, 12, 13], z = 359.09466208000003
oc=[2, 7, 9, 10, 11, 12, 13], z = 358.6373660352
oc=[1, 2, 5, 9, 10], z = 368.01664
oc=[4, 7, 8, 9, 10, 12], z = 388.1744
oc=[3, 4, 6, 8, 9, 10, 11], z = 357.84942400000006
oc=[4, 8, 9, 10, 11], z = 345.508224
oc=[1, 2, 4, 5, 6, 9, 10, 12], z = 351.30519103999995
oc=[2, 6, 7, 8, 9, 10, 11, 12, 13], z = 360.70173380742403
oc=[1, 2, 5, 6, 7, 9, 10, 13], z = 394.41990371199995
oc=[1, 4, 6, 7, 8, 9, 10, 11, 13], z = 383.57382400000006
oc=[2, 5, 6, 7, 8, 9, 10, 13], z = 383.0808214335999
oc=[1, 2, 5, 7, 9, 10, 11, 13], z = 355.70019135999996
oc=[1, 2, 3, 4, 6, 7, 8, 9, 10, 11, 13], z = 358.58801161484826
oc=[1, 2, 6, 7, 8, 9, 10, 13], z = 400.597436
oc=[1, 7, 9, 10, 13], z = 423.76
oc=[6, 8, 9, 11, 12, 13], z = 356.5696
oc=[6, 8, 9, 12, 13], z = 381.39439999999996
oc=[6, 8, 9, 12, 13], z = 381.39439999999996
oc=[2, 3, 7, 8, 9, 10, 13], z = 406.757912
oc=[3, 5, 6, 7, 8, 9, 12, 13], z = 389.7950647664639
oc=[3, 5, 8, 9, 10, 13], z = 377.46126442240006
oc=[2, 5, 8, 9, 12, 13], z = 366.94037375999994
oc=[1, 2, 6, 8, 9, 10, 11, 13], z = 370.482624
oc=[1, 2, 6, 8, 9, 10, 13], z = 395.37440000000004
oc=[1, 2, 6, 8, 9, 10, 11, 13], z = 370.482624
oc=[1, 2, 7, 8, 9, 10, 13], z = 410.26959999999997
oc=[1, 2, 3, 4, 7, 8, 9, 11, 12, 13], z = 344.18239250407225
oc=[1, 2, 4, 5, 7, 8, 9, 12, 13], z = 351.36304512000004
oc=[1, 2, 6, 7, 8, 9, 11, 12, 13], z = 371.29263600000013
oc=[1, 2, 5, 7, 8, 9, 11, 12, 13], z = 356.0821759744
oc=[1, 2, 3, 5, 7, 9, 12, 13], z = 350.2515389567744
oc=[1, 2, 4, 5, 6, 7, 9, 11, 12, 13], z = 326.03526356511315
oc=[2, 4, 6, 7, 9, 13], z = 376.10811792000004
oc=[1, 2, 4, 5, 6, 7, 8, 9, 11, 13], z = 324.93635023467334
oc=[1, 2, 5, 6, 7, 9, 13], z = 381.53990371199995
oc=[4, 6, 7, 8, 9, 11, 13], z = 361.2607999999999
oc=[1, 2, 4, 5, 7, 8, 9, 12, 13], z = 351.36304512000004
oc=[2, 3, 5, 6, 7, 9, 11, 13], z = 345.35992604454395
oc=[1, 2, 3, 5, 6, 7, 8, 9, 12, 13], z = 358.675640744615
oc=[2, 3, 4, 5, 6, 9], z = 331.30815104
oc=[4, 6, 7, 9, 13], z = 389.3112
oc=[9, 2, 13, 7], z = 391.11519999999996
oc=[1, 5, 7, 8, 9, 13], z = 378.12972415999997
oc=[5, 7, 9, 11, 13], z = 341.65044095999997
oc=[4, 5, 6, 7, 9, 11, 13], z = 331.683937226752
oc=[1, 2, 5, 7, 8, 9, 11, 12, 13], z = 356.0821759744
oc=[1, 2, 5, 7, 8, 9, 12, 13], z = 380.78143616000006
oc=[1, 2, 5, 7, 8, 9, 11, 12, 13], z = 356.0821759744
oc=[8, 9, 13, 7], z = 398.1544
oc=[2, 4, 5, 7, 9, 11, 13], z = 306.48376192
oc=[3, 4, 5, 7, 8, 9, 11, 13], z = 332.50897723801603
oc=[1, 2, 7, 9, 11, 12, 13], z = 378.07520000000005
oc=[1, 5, 7, 9, 11, 12, 13], z = 358.64287936000005
oc=[2, 4, 5, 9, 11, 12], z = 303.087744
oc=[1, 2, 3, 5, 7, 9, 12, 13], z = 350.2515389567744
oc=[2, 5, 7, 8, 9, 11, 13], z = 338.9568336384
oc=[1, 5, 6, 7, 8, 9, 12, 13], z = 392.51522381568
oc=[1, 2, 6, 7, 9, 11, 12, 13], z = 368.40303600000004
oc=[1, 4, 7, 8, 9, 11, 12, 13], z = 373.7496
oc=[1, 2, 4, 6, 7, 9, 12, 13], z = 394.00811792
oc=[4, 8, 9, 11, 12, 13], z = 353.3296
oc=[8, 9, 11, 12, 13], z = 370.8096
oc=[8, 9, 12, 13], z = 395.6344
oc=[8, 9, 12, 13], z = 395.6344
oc=[3, 5, 6, 8, 9, 10, 13], z = 383.3550647664639
oc=[1, 2, 4, 5, 8, 9, 11, 12, 13], z = 325.64726397439995
oc=[1, 2, 5, 9, 11, 12, 13], z = 347.72287936000004
oc=[1, 2, 6, 8, 9, 11, 12, 13], z = 366.06960000000004
oc=[1, 2, 4, 9, 12, 13], z = 383.09680000000003
oc=[2, 3, 4, 7, 8, 9, 12, 13], z = 377.014712
oc=[1, 5, 7, 8, 9, 10, 13], z = 391.0097241599999
oc=[5, 6, 8, 9, 11, 12, 13], z = 348.063819380224
oc=[5, 6, 8, 9, 12, 13], z = 372.88096911360003
oc=[5, 6, 8, 9, 12, 13], z = 372.88096911360003
oc=[1, 2, 5, 8, 9, 10, 11, 13], z = 355.32348797439994
oc=[1, 2, 5, 8, 9, 10, 13], z = 380.08972415999995
oc=[1, 2, 5, 8, 9, 10, 13], z = 380.08972415999995
oc=[1, 2, 5, 7, 9, 12, 13], z = 380.696096
oc=[2, 3, 6, 8, 9, 10, 13], z = 391.86271200000004
oc=[1, 2, 5, 8, 9, 12, 13], z = 375.60972416
oc=[2, 5, 6, 8, 9, 11, 12, 13], z = 348.063819380224
oc=[2, 5, 6, 8, 9, 12, 13], z = 372.88096911360003
oc=[2, 5, 6, 8, 9, 11, 12, 13], z = 348.063819380224
oc=[2, 4, 5, 6, 8, 9, 11, 12, 13], z = 325.21886498760693
oc=[2, 4, 5, 6, 8, 9, 12, 13], z = 349.856238877696
oc=[2, 4, 5, 6, 8, 9, 12, 13], z = 349.856238877696
oc=[2, 3, 5, 6, 8, 9, 11, 12, 13], z = 353.34346342898175
oc=[2, 9, 11, 12, 13], z = 367.91999999999996
oc=[9, 2, 12, 13], z = 398.86
oc=[9, 2, 12, 13], z = 398.86
oc=[2, 5, 9, 11, 12, 13], z = 339.13044096
oc=[2, 5, 9, 12, 13], z = 368.33174399999996
oc=[2, 5, 9, 11, 12, 13], z = 339.13044096
oc=[2, 6, 8, 9, 11, 12, 13], z = 356.5695999999999
oc=[2, 6, 8, 9, 12, 13], z = 381.3944
oc=[2, 6, 8, 9, 11, 12, 13], z = 356.5695999999999
oc=[2, 4, 9, 11, 12, 13], z = 342.65680000000003
oc=[2, 4, 9, 12, 13], z = 373.59680000000003
oc=[2, 4, 9, 11, 12, 13], z = 342.65680000000003
oc=[1, 3, 8, 9, 11, 13], z = 343.9049172790401
oc=[9, 2, 5], z = 347.944
oc=[3, 5, 8, 9, 11, 12, 13], z = 347.46897723801595
oc=[2, 4, 6, 8, 9, 11, 12, 13], z = 354.036288
oc=[2, 4, 6, 8, 9, 12, 13], z = 378.861088
oc=[2, 4, 6, 8, 9, 11, 12, 13], z = 354.036288
oc=[2, 5, 6, 9, 11, 12, 13], z = 345.1560605056
oc=[2, 3, 5, 6, 9, 11, 12], z = 341.41291584
oc=[2, 3, 5, 6, 9, 12], z = 372.02875200000005
oc=[2, 3, 5, 6, 9, 12], z = 372.02875200000005
oc=[5, 6, 7, 9, 11, 12], z = 345.40291584
oc=[1, 2, 4, 6, 7, 8, 9], z = 370.14811792
oc=[3, 4, 5, 9, 11, 12], z = 317.80094399999996
oc=[3, 5, 6, 8, 9, 11, 12], z = 342.75889359359985
oc=[9, 2, 13, 1], z = 399.96000000000004
oc=[2, 3, 6, 9, 13], z = 379.091
oc=[8, 9, 13, 1], z = 396.73440000000005
oc=[3, 6, 9, 11, 13], z = 348.15099999999995
oc=[2, 3, 4, 5, 8, 9, 13], z = 339.31806442239997
oc=[2, 4, 8, 9, 13], z = 361.9712
oc=[3, 4, 5, 8, 9, 13], z = 347.10126442240005
oc=[1, 4, 5, 7, 11, 12], z = 322.64
oc=[4, 5, 8, 9, 11, 12], z = 312.46594175999996
oc=[2, 3, 8, 9, 11, 12, 13], z = 376.08872352000003
oc=[3, 4, 9, 11, 12, 13], z = 353.31100000000004
oc=[3, 4, 5, 6, 8, 9, 11, 12, 13], z = 340.60550370445094
oc=[2, 3, 6, 9, 11, 13], z = 348.15099999999995
oc=[3, 4, 5, 6, 13], z = 348.8732873984
oc=[9, 3, 5, 6], z = 363.62875199999996
oc=[2, 4, 5, 6, 9, 12, 13], z = 344.76589504
oc=[3, 4, 6, 9, 11, 12, 13], z = 358.72220000000004
oc=[2, 3, 4, 5, 11, 12, 13], z = 307.9678
oc=[9, 5, 13, 6], z = 367.50480384
oc=[2, 4, 5, 6, 9, 11, 13], z = 310.1115477877761
oc=[3, 4, 5, 9, 11, 12], z = 317.80094399999996
oc=[2, 6, 8, 9, 13], z = 372.9944
oc=[9, 11, 13, 1], z = 369.02
oc=[8, 9, 13], z = 387.2344
oc=[2, 4, 8, 9, 11, 13], z = 337.1464
oc=[2, 6, 9, 11, 13], z = 345.28
oc=[2, 5, 8, 9, 13], z = 358.54037375999997
oc=[3, 6, 8, 9, 11, 13], z = 353.44872352000004
oc=[2, 4, 5, 8, 9, 11, 12, 13], z = 316.9219216384
oc=[2, 4, 5, 8, 9, 12, 13], z = 341.67717375999996
oc=[2, 4, 5, 8, 9, 12, 13], z = 341.67717375999996
oc=[2, 6, 9, 11, 12, 13], z = 353.68
oc=[2, 6, 9, 12, 13], z = 384.62
oc=[2, 6, 9, 12, 13], z = 384.62
oc=[2, 8, 9, 11, 12, 13], z = 370.80960000000005
oc=[2, 8, 9, 12, 13], z = 395.6343999999999
oc=[2, 8, 9, 12, 13], z = 395.6343999999999
oc=[2, 5, 8, 9, 11, 12, 13], z = 342.18512163839995
oc=[2, 5, 8, 9, 12, 13], z = 366.94037375999994
oc=[2, 5, 8, 9, 11, 12, 13], z = 342.18512163839995
oc=[2, 4, 8, 9, 11, 12, 13], z = 345.5464
oc=[2, 4, 8, 9, 12, 13], z = 370.37120000000004
oc=[2, 4, 8, 9, 12, 13], z = 370.37120000000004
oc=[2, 4, 5, 9, 11, 12, 13], z = 313.86724096000006
oc=[2, 4, 5, 9, 12, 13], z = 343.06854400000003
oc=[2, 4, 5, 9, 12, 13], z = 343.06854400000003
oc=[2, 4, 9, 11, 13], z = 334.2568
oc=[8, 2, 5, 7], z = 342.611712
oc=[3, 4, 8, 9, 12], z = 372.85
oc=[2, 3, 6, 9, 11, 12], z = 349.95000000000005
oc=[2, 3, 6, 9, 12], z = 380.89
oc=[2, 3, 6, 9, 11, 12], z = 349.95000000000005
oc=[2, 3, 5, 8, 9, 12], z = 361.582864
oc=[3, 4, 8, 9, 12, 13], z = 384.142712
oc=[2, 3, 5, 6, 8, 9, 12, 13], z = 378.875064766464
oc=[3, 6, 8, 9, 12, 13], z = 387.38271199999997
oc=[1, 6, 7, 8, 9, 11, 12, 13], z = 376.9896
oc=[3, 5, 8, 9, 12, 13], z = 372.98126442239993
oc=[3, 7, 9, 11, 12, 13], z = 381.711
oc=[1, 2, 4, 6, 7, 8, 9, 10, 11, 13], z = 370.37074192
oc=[2, 3, 4, 6, 8, 9, 12, 13], z = 384.8494
oc=[9, 10, 13, 1], z = 412.84000000000003
oc=[1, 2, 6, 7, 9, 11, 12, 13], z = 368.40303600000004
oc=[1, 2, 6, 7, 9, 12, 13], z = 399.343036
oc=[1, 2, 6, 7, 9, 11, 12, 13], z = 368.40303600000004
oc=[3, 5, 6, 8, 9, 11, 12, 13], z = 353.3434634289817
oc=[3, 5, 6, 8, 9, 12, 13], z = 378.8750647664639
oc=[3, 5, 6, 8, 9, 12, 13], z = 378.8750647664639
oc=[2, 7, 9, 10, 13], z = 403.9952
oc=[1, 4, 5, 6, 8, 9, 11, 12, 13], z = 343.3342625170883
oc=[1, 4, 5, 6, 8, 9, 12, 13], z = 367.97067669360644
oc=[1, 4, 5, 6, 8, 9, 11, 12, 13], z = 343.3342625170883
oc=[1, 5, 6, 8, 9, 11, 12, 13], z = 356.7932031034112
oc=[1, 5, 6, 8, 9, 12, 13], z = 381.59522381567996
oc=[1, 5, 6, 8, 9, 11, 12, 13], z = 356.7932031034112
oc=[1, 3, 6, 8, 9, 11, 12, 13], z = 353.741124539952
oc=[1, 6, 9, 12, 13], z = 394.12
oc=[1, 5, 9, 11, 12, 13], z = 347.72287936
oc=[1, 4, 9, 12, 13], z = 390.88
oc=[1, 4, 5, 6, 9, 12, 13], z = 362.84865788416005
oc=[1, 4, 6, 8, 9, 11, 12, 13], z = 368.24080000000004
oc=[1, 4, 6, 8, 9, 12, 13], z = 393.0656
oc=[1, 4, 6, 8, 9, 12, 13], z = 393.0656
oc=[1, 2, 9, 11, 12, 13], z = 377.41999999999996
oc=[3, 4, 5, 8, 9, 10, 13], z = 359.98126442240005
oc=[3, 8, 9, 10, 11, 13], z = 379.84929411839994
oc=[3, 8, 9, 10, 13], z = 406.102712
oc=[3, 8, 9, 10, 11, 13], z = 379.84929411839994
oc=[1, 2, 4, 5, 7, 9, 12, 13], z = 351.27770495999994
oc=[1, 2, 7, 9, 11, 12, 13], z = 378.07520000000005
oc=[1, 2, 7, 9, 12, 13], z = 409.0152
oc=[1, 2, 7, 9, 11, 12, 13], z = 378.07520000000005
oc=[3, 5, 8, 9, 10, 11, 13], z = 351.22954783641603
oc=[3, 5, 8, 9, 10, 13], z = 377.46126442240006
oc=[3, 5, 8, 9, 10, 13], z = 377.46126442240006
oc=[3, 6, 8, 9, 11, 12, 13], z = 361.84872352
oc=[3, 6, 8, 9, 12, 13], z = 387.38271199999997
oc=[3, 6, 8, 9, 12, 13], z = 387.38271199999997
oc=[1, 4, 5, 7, 8, 9, 12, 13], z = 369.04972416000004
oc=[1, 2, 5, 7, 8, 9, 10, 11, 13], z = 360.49519997440007
oc=[1, 2, 4, 5, 7, 8, 9, 10, 13], z = 355.84304511999994
oc=[1, 3, 5, 6, 7, 8, 9, 10, 13], z = 368.881752120448
oc=[1, 2, 3, 5, 6, 7, 9, 10, 11, 13], z = 332.7756342889669
oc=[2, 3, 4, 7, 9, 10, 11, 12, 13], z = 341.335410082816
oc=[1, 2, 4, 7, 9, 10, 13], z = 388.23199999999997
oc=[1, 2, 5, 6, 7, 9, 10, 11, 13], z = 362.3749859052799
oc=[2, 4, 6, 7, 9, 10, 12, 13], z = 395.84251792000003
oc=[2, 5, 7, 9, 10, 12, 13], z = 384.837856
oc=[1, 6, 8, 9, 11, 12, 13], z = 366.06960000000004
oc=[1, 6, 8, 9, 12, 13], z = 390.8944
oc=[1, 6, 8, 9, 12, 13], z = 390.8944
oc=[2, 3, 4, 8, 9, 11, 12, 13], z = 350.82552352000005
oc=[2, 3, 4, 5, 9, 11, 12, 13], z = 316.8565429504
oc=[2, 3, 5, 8, 9, 11, 12, 13], z = 347.46897723801595
oc=[2, 3, 4, 8, 9, 11, 12, 13], z = 350.82552352000005
oc=[2, 3, 4, 8, 9, 12, 13], z = 376.35951200000005
oc=[2, 3, 4, 8, 9, 11, 12, 13], z = 350.82552352000005
oc=[2, 3, 4, 6, 9, 11, 12, 13], z = 354.017688
oc=[2, 3, 5, 8, 9, 11, 12, 13], z = 347.46897723801595
oc=[2, 3, 5, 8, 9, 12, 13], z = 372.9812644224
oc=[2, 3, 5, 8, 9, 11, 12, 13], z = 347.46897723801595
oc=[2, 3, 4, 5, 8, 9, 11, 12, 13], z = 322.20577723801597
oc=[2, 3, 4, 5, 8, 9, 12, 13], z = 347.71806442239995
oc=[2, 3, 4, 5, 8, 9, 12, 13], z = 347.71806442239995
oc=[2, 4, 5, 8, 9, 13], z = 333.27717376000004
oc=[5, 8, 9, 11, 12, 13], z = 342.1851216384
oc=[5, 8, 9, 12, 13], z = 366.94037376000006
oc=[5, 8, 9, 12, 13], z = 366.94037376000006
oc=[1, 2, 5, 6, 8, 9, 10, 11, 13], z = 361.20622710341115
oc=[1, 2, 5, 6, 8, 9, 10, 13], z = 386.07522381568
oc=[1, 2, 5, 6, 8, 9, 10, 11, 13], z = 361.20622710341115
oc=[1, 2, 4, 5, 9, 10, 13], z = 354.741184
oc=[1, 2, 3, 8, 9, 10, 13], z = 389.044857952
oc=[1, 3, 4, 9, 10, 13], z = 380.384613728
oc=[1, 2, 3, 4, 9, 10, 13], z = 372.601413728
oc=[2, 3, 4, 7, 9, 11, 12, 13], z = 346.183
oc=[4, 6, 7, 9, 12, 13], z = 397.7112
oc=[2, 4, 7, 9, 11, 12, 13], z = 343.312
oc=[2, 3, 4, 6, 7, 8, 9, 11, 12, 13], z = 361.73684144
oc=[2, 3, 4, 6, 7, 9, 11, 12, 13], z = 356.43911792000006
oc=[2, 5, 6, 7, 9, 11, 12, 13], z = 350.8759128256
oc=[2, 3, 4, 5, 7, 8, 9, 11, 12, 13], z = 323.2222981980119
oc=[2, 5, 7, 9, 11, 13], z = 335.90215295999997
oc=[2, 5, 7, 9, 13], z = 365.10345599999994
oc=[2, 5, 7, 9, 11, 13], z = 335.90215295999997
oc=[2, 3, 5, 7, 9, 11, 12, 13], z = 347.29145495039995
oc=[9, 11, 5], z = 319.950944
oc=[2, 4, 5, 7, 8, 9, 11, 12, 13], z = 317.9384425983999
oc=[2, 7, 9, 11, 13], z = 360.17519999999996
oc=[9, 2, 13, 7], z = 391.11519999999996
oc=[9, 2, 13, 7], z = 391.11519999999996
oc=[4, 6, 7, 8, 9, 11, 13], z = 361.2607999999999
oc=[2, 3, 7, 8, 9, 13], z = 393.877912
oc=[1, 3, 7, 8, 9, 11, 13], z = 354.82491727904
oc=[2, 3, 6, 7, 8, 9, 12, 13], z = 392.605748
oc=[2, 3, 4, 5, 7, 8, 9, 12, 13], z = 348.7345853823547
oc=[1, 2, 4, 5, 6, 7, 9, 11, 13], z = 317.6352635651132
oc=[2, 3, 7, 8, 9, 12, 13], z = 402.277912
oc=[2, 3, 4, 5, 6, 7, 8, 9, 11, 12, 13], z = 330.6590543497747
oc=[2, 3, 4, 6, 7, 9, 11, 12, 13], z = 356.43911792000006
oc=[2, 4, 8, 9, 11, 12], z = 333.312
oc=[2, 5, 13], z = 352.9
oc=[1, 2, 5, 7, 9, 11, 13], z = 344.49459135999996
oc=[2, 4, 5, 6, 7, 9, 12, 13], z = 344.7616569152
oc=[2, 3, 6, 7, 8, 9, 11, 12, 13], z = 367.07175952000006
oc=[2, 3, 6, 7, 8, 9, 12, 13], z = 392.605748
oc=[2, 3, 6, 7, 8, 9, 11, 12, 13], z = 367.07175952000006
oc=[2, 3, 5, 7, 8, 9, 11, 12, 13], z = 352.64068923801597
oc=[2, 3, 5, 7, 8, 9, 12, 13], z = 378.1529764224
oc=[2, 3, 5, 7, 8, 9, 11, 12, 13], z = 352.64068923801597
oc=[1, 2, 4, 7, 8, 9, 13], z = 372.12639999999993
oc=[1, 2, 4, 5, 6, 7, 8, 9, 13], z = 349.5639039128432
oc=[2, 3, 7, 8, 9, 11, 12, 13], z = 376.74392351999995
oc=[2, 3, 7, 8, 9, 12, 13], z = 402.277912
oc=[2, 3, 7, 8, 9, 11, 12, 13], z = 376.74392351999995
oc=[2, 3, 5, 6, 7, 8, 9, 11, 12, 13], z = 359.0633157489818
oc=[2, 3, 5, 6, 7, 8, 9, 12, 13], z = 384.59491708646397
oc=[2, 3, 5, 6, 7, 8, 9, 11, 12, 13], z = 359.0633157489818
oc=[1, 2, 3, 6, 7, 9, 11, 13], z = 345.1546933666966
oc=[2, 3, 4, 6, 9, 11, 12], z = 347.416688
oc=[2, 3, 4, 6, 9, 12], z = 378.3566880000001
oc=[2, 3, 4, 6, 9, 12], z = 378.3566880000001
oc=[9, 7], z = 390.72
oc=[2, 3, 5, 9, 11, 12], z = 335.280944
oc=[2, 3, 4, 5, 9, 12], z = 338.0108
oc=[9, 2, 3, 1], z = 395.36474
oc=[2, 3, 5, 6, 8, 9], z = 359.17072704
oc=[2, 4, 5, 6, 8, 9], z = 329.168729117696
oc=[5, 6, 11, 12, 13], z = 333.35040000000004
oc=[2, 7, 8, 9, 11, 12, 13], z = 371.46479999999997
oc=[2, 4, 6, 7, 8, 9, 12, 13], z = 381.28251792
oc=[4, 6, 7, 8, 9, 12, 13], z = 394.48560000000003
oc=[2, 4, 5, 7, 8, 9, 11, 12, 13], z = 317.9384425983999
oc=[2, 5, 7, 8, 9, 12, 13], z = 372.11208576
oc=[2, 5, 6, 7, 8, 9, 12, 13], z = 378.6008214336
oc=[5, 7, 9, 12, 13], z = 379.25174400000003
oc=[4, 5, 7, 9, 10, 11, 12, 13], z = 328.0777156095999
oc=[1, 2, 3, 4, 5, 6, 7, 8, 9, 10, 13], z = 313.7356284206384
oc=[7, 8, 9, 10, 11, 12, 13], z = 367.02185587199995
oc=[2, 4, 6, 7, 9, 10, 11, 12, 13], z = 349.11446862910975
oc=[1, 2, 5, 7, 8, 9, 10, 11, 13], z = 360.49519997440007
oc=[1, 2, 5, 7, 8, 9, 10, 13], z = 385.2614361600001
oc=[1, 2, 5, 7, 8, 9, 10, 11, 13], z = 360.49519997440007
oc=[3, 5, 6, 7, 9, 10, 11, 12, 13], z = 354.43443636774396
oc=[2, 7, 8, 9, 10, 11, 12, 13], z = 360.36640590720003
oc=[9, 10, 3, 6], z = 385.37
oc=[9, 10, 3, 4], z = 382.12999999999994
oc=[1, 4, 8, 9, 10], z = 379.9000000000001
oc=[1, 2, 5, 6, 7, 8, 9, 10, 11, 12], z = 351.4007574413286
oc=[1, 2, 3, 4, 6, 7, 9, 10, 11, 12], z = 355.7495304444218
oc=[1, 4, 5, 6, 7, 9, 10, 11, 12], z = 334.76436544760526
oc=[1, 2, 4, 6, 7, 9, 10, 11, 13], z = 365.87371792
oc=[2, 3, 4, 5, 6, 7, 8, 9, 10], z = 349.0691628655514
oc=[2, 6, 7, 9, 10, 11, 12, 13], z = 353.8894598638721
oc=[1, 2, 4, 7, 8, 9, 10, 11, 13], z = 360.11462400000005
oc=[1, 2, 4, 7, 8, 9, 10, 13], z = 385.0064
oc=[1, 2, 4, 7, 8, 9, 10, 13], z = 385.0064
oc=[1, 2, 4, 5, 6, 7, 8, 9, 10, 11, 13], z = 337.7943671019103
oc=[1, 2, 3, 4, 5, 6, 7, 9, 10, 11, 13], z = 296.00927968683015
oc=[2, 6, 7, 8, 12], z = 360.583036
oc=[2, 3, 5, 7, 8, 9, 10, 11, 12, 13], z = 349.03635655535356
oc=[1, 3, 6, 7, 8, 9, 10, 12], z = 408.7020457120001
oc=[1, 2, 3, 4, 7, 9, 10, 11, 12], z = 345.09786840383356
oc=[1, 2, 3, 6, 7, 8, 9, 10, 11, 12], z = 367.05237531872797
oc=[2, 3, 4, 5, 7, 9, 10, 12], z = 350.36172095999996
oc=[2, 6, 7, 8, 9, 10], z = 378.863036
oc=[2, 3, 5, 8, 9, 10], z = 366.06286400000005
oc=[5, 7, 8, 9, 10, 11], z = 345.27896576
oc=[2, 4, 6, 7, 9, 10, 12], z = 385.18251792000007
oc=[3, 6, 9, 10, 11], z = 352.75559999999996
oc=[3, 4, 5, 6, 9, 10], z = 354.98846528
oc=[1, 2, 5, 6, 7, 8, 9, 10, 13], z = 391.7950761356799
oc=[1, 4, 6, 7, 9, 10, 13], z = 411.6912
oc=[3, 5, 7, 9, 10, 13], z = 387.91721056
oc=[1, 2, 4, 5, 7, 8, 9, 10, 11, 13], z = 331.07680893439993
oc=[1, 2, 4, 5, 7, 8, 9, 10, 13], z = 355.84304511999994
oc=[1, 2, 4, 5, 7, 8, 9, 10, 13], z = 355.84304511999994
oc=[1, 2, 6, 7, 9, 10, 11, 13], z = 371.20863600000007
oc=[1, 2, 6, 7, 9, 10, 11, 13], z = 371.20863600000007
oc=[1, 2, 6, 7, 9, 10, 13], z = 403.82303600000006
oc=[1, 2, 6, 7, 9, 10, 13], z = 403.82303600000006
oc=[1, 2, 4, 6, 7, 9, 11, 12, 13], z = 363.0681179200001
oc=[1, 2, 4, 6, 7, 9, 12, 13], z = 394.00811792
oc=[1, 2, 4, 6, 7, 9, 12, 13], z = 394.00811792
oc=[1, 5, 6, 9, 11, 12, 13], z = 353.84953358528
oc=[1, 5, 6, 9, 12, 13], z = 384.220051392
oc=[1, 5, 6, 9, 12, 13], z = 384.220051392
oc=[2, 5, 7, 8, 9, 11, 12, 13], z = 347.35683363839996
oc=[2, 5, 7, 8, 9, 12, 13], z = 372.11208576
oc=[2, 5, 7, 8, 9, 12, 13], z = 372.11208576
oc=[1, 2, 4, 7, 9, 10, 11, 13], z = 355.6175999999999
oc=[1, 2, 7, 9, 10, 11, 13], z = 380.8808000000001
oc=[1, 6, 7, 8, 9, 10, 11, 13], z = 381.40262400000006
oc=[1, 4, 9, 11, 12, 13], z = 359.94000000000005
oc=[1, 4, 9, 12, 13], z = 390.88
oc=[1, 4, 9, 12, 13], z = 390.88
oc=[4, 5, 6, 7, 8, 9, 10, 11, 13], z = 350.6364307276185
oc=[2, 3, 5, 6, 7, 9, 10, 11, 13], z = 356.56552604454396
oc=[2, 4, 5, 6, 7, 9, 10, 11, 12, 13], z = 316.8333216279789
oc=[2, 4, 5, 6, 7, 9, 10, 12, 13], z = 356.0960569152
oc=[2, 4, 5, 6, 7, 9, 10, 12, 13], z = 356.0960569152
oc=[4, 5, 6, 7, 8, 9, 10, 11, 13], z = 350.6364307276185
oc=[3, 6, 8, 9, 10], z = 380.57
oc=[1, 2, 5, 6, 9, 10, 11], z = 345.88095423999994
oc=[1, 2, 4, 6, 8, 9, 10], z = 380.6066879999999
oc=[1, 2, 3, 4, 5, 6, 7, 8, 9, 10, 11, 12], z = 323.9508533921222
oc=[3, 5, 7, 9, 10, 11], z = 349.006544
oc=[3, 4, 7, 8, 9, 10, 11, 12, 13], z = 366.14592367003655
oc=[2, 3, 4, 6, 7, 9, 10, 11, 12, 13], z = 351.98546862910973
oc=[2, 5, 6, 7, 8, 9, 10, 12, 13], z = 389.9352214336001
oc=[4, 6, 7, 8, 9, 10, 12, 13], z = 405.82000000000005
oc=[2, 4, 5, 7, 8, 9, 10, 12, 13], z = 354.02809472
oc=[2, 7, 8, 9, 10, 11, 12, 13], z = 360.36640590720003
oc=[2, 3, 4, 7, 8, 9, 10, 13], z = 381.49471199999994
oc=[2, 3, 4, 5, 7, 9, 10, 11, 13], z = 320.6786639103491
oc=[2, 3, 4, 7, 8, 9, 10, 13], z = 381.49471199999994
oc=[3, 4, 5, 7, 8, 9, 10, 13], z = 370.9012644224
oc=[1, 2, 5, 7, 9, 11, 12, 13], z = 352.89459135999994
oc=[1, 2, 5, 7, 9, 12, 13], z = 380.696096
oc=[1, 2, 5, 7, 9, 12, 13], z = 380.696096
oc=[2, 3, 5, 6, 9, 10, 13], z = 383.4003951616
oc=[2, 4, 6, 7, 8, 9, 12, 13], z = 381.28251792
oc=[2, 3, 4, 5, 6, 7, 8, 9, 10, 13], z = 360.51413368143915
oc=[6, 7, 9, 10, 13], z = 400.02
oc=[4, 7, 9, 10, 11, 13], z = 364.1655999999999
oc=[2, 3, 6, 7, 8, 9, 10, 13], z = 397.0857480000001
oc=[1, 2, 4, 8, 9, 11, 12, 13], z = 355.0464
oc=[1, 2, 5, 6, 9, 11, 12, 13], z = 353.84953358527997
oc=[1, 3, 9, 11, 12, 13], z = 353.30296877600006
oc=[1, 2, 4, 5, 6, 9, 11, 12, 13], z = 325.96591403223033
oc=[1, 2, 8, 9, 11, 12, 13], z = 380.30960000000005
oc=[1, 2, 8, 9, 12, 13], z = 405.1344
oc=[1, 2, 8, 9, 12, 13], z = 405.1344
oc=[1, 2, 4, 5, 6, 8, 9, 11, 12, 13], z = 332.7258278761308
oc=[1, 2, 6, 9, 11, 12, 13], z = 363.18
oc=[1, 2, 6, 9, 12, 13], z = 394.12
oc=[1, 2, 6, 9, 12, 13], z = 394.12
oc=[1, 2, 5, 6, 9, 11, 12, 13], z = 353.84953358527997
oc=[1, 2, 5, 6, 9, 12, 13], z = 384.22005139199996
oc=[1, 2, 5, 6, 9, 11, 12, 13], z = 353.84953358527997
oc=[1, 2, 5, 6, 8, 9, 12, 13], z = 381.59522381568
oc=[1, 2, 5, 8, 9, 11, 12, 13], z = 350.9104639744
oc=[1, 2, 5, 8, 9, 12, 13], z = 375.60972416
oc=[1, 2, 5, 8, 9, 12, 13], z = 375.60972416
oc=[1, 2, 6, 8, 9, 11, 12, 13], z = 366.06960000000004
oc=[1, 2, 6, 8, 9, 12, 13], z = 390.8944
oc=[1, 2, 6, 8, 9, 11, 12, 13], z = 366.06960000000004
oc=[1, 3, 8, 9, 10, 13], z = 389.04485795200003
oc=[1, 4, 6, 7, 8, 9, 11, 12, 13], z = 379.1608
oc=[2, 3, 4, 6, 7, 8, 9, 10, 13], z = 391.7508299200001
oc=[1, 6, 9, 11, 12, 13], z = 363.17999999999995
oc=[1, 6, 9, 12, 13], z = 394.12
oc=[1, 6, 9, 11, 12, 13], z = 363.17999999999995
oc=[2, 7, 8, 9, 11, 12, 13], z = 371.46479999999997
oc=[2, 7, 8, 9, 12, 13], z = 396.28960000000006
oc=[2, 7, 8, 9, 11, 12, 13], z = 371.46479999999997
oc=[1, 2, 5, 6, 7, 9, 10, 11, 13], z = 362.3749859052799
oc=[1, 2, 5, 6, 7, 9, 10, 13], z = 394.41990371199995
oc=[1, 2, 5, 6, 7, 9, 10, 13], z = 394.41990371199995
oc=[1, 4, 5, 9, 11, 12, 13], z = 330.24287936
oc=[1, 4, 5, 9, 12, 13], z = 358.04438400000004
oc=[1, 4, 5, 9, 11, 12, 13], z = 330.24287936
oc=[3, 4, 7, 9, 10, 11, 13], z = 367.0366
oc=[1, 2, 5, 6, 7, 9, 11, 12, 13], z = 359.5693859052799
oc=[1, 2, 5, 6, 7, 9, 12, 13], z = 389.93990371200005
oc=[1, 2, 5, 6, 7, 9, 12, 13], z = 389.93990371200005
oc=[1, 2, 3, 4, 6, 8, 9, 10, 13], z = 388.2059171643905
oc=[7, 8, 9, 12, 13], z = 406.5544
oc=[1, 2, 7, 9, 10, 11, 13], z = 380.8808000000001
oc=[1, 2, 7, 9, 10, 13], z = 413.4952
oc=[1, 2, 7, 9, 10, 13], z = 413.4952
oc=[4, 6, 9, 11, 12, 13], z = 355.8512
oc=[3, 4, 6, 8, 9, 10, 11, 13], z = 367.7804941184001
oc=[3, 4, 6, 8, 9, 10, 13], z = 394.0339120000001
oc=[3, 4, 6, 8, 9, 10, 13], z = 394.0339120000001
oc=[4, 5, 6, 8, 9, 11, 12, 13], z = 335.25900830507004
oc=[4, 5, 6, 8, 9, 12, 13], z = 359.90229918719996
oc=[4, 5, 6, 8, 9, 11, 12, 13], z = 335.25900830507004
oc=[1, 3, 9, 10, 11, 13], z = 356.1085687760001
oc=[1, 3, 4, 5, 8, 9, 10, 11, 13], z = 301.2267981746544
oc=[1, 3, 5, 6, 9, 10, 13], z = 358.8221773792
oc=[1, 2, 4, 6, 8, 9, 10, 11, 13], z = 367.9493119999999
oc=[1, 2, 4, 6, 8, 9, 10, 13], z = 392.841088
oc=[1, 2, 4, 6, 8, 9, 10, 13], z = 392.841088
oc=[1, 2, 8, 9, 10, 11, 13], z = 384.7226240000001
oc=[1, 2, 8, 9, 10, 13], z = 409.61440000000005
oc=[1, 2, 8, 9, 10, 13], z = 409.61440000000005
oc=[1, 2, 4, 5, 6, 8, 9, 10, 11, 13], z = 337.18325029867935
oc=[1, 2, 4, 5, 6, 8, 9, 10, 13], z = 361.83632506060803
oc=[1, 2, 4, 5, 6, 8, 9, 10, 11, 13], z = 337.18325029867935
oc=[1, 3, 4, 6, 8, 9, 10, 13], z = 392.9104291643905
oc=[1, 3, 5, 8, 9, 10, 11, 13], z = 316.82367144190255
oc=[1, 2, 5, 6, 8, 9, 10, 11, 12, 13], z = 356.74311278918134
oc=[1, 6, 8, 9, 10, 13], z = 395.3743999999999
oc=[2, 3, 7, 8, 9, 10, 13], z = 406.757912
oc=[2, 5, 6, 7, 8, 9, 11, 12, 13], z = 353.7836717002241
oc=[2, 5, 6, 7, 8, 9, 12, 13], z = 378.6008214336
oc=[2, 5, 6, 7, 8, 9, 12, 13], z = 378.6008214336
oc=[2, 3, 4, 5, 8, 9, 10, 11, 13], z = 325.96634783641605
oc=[6, 8, 9, 10, 13], z = 385.8743999999999
oc=[5, 8, 9, 10, 13], z = 371.42037375999996
oc=[1, 7, 8, 9, 12, 13], z = 416.05439999999993
oc=[1, 2, 5, 6, 8, 9, 11, 12, 13], z = 356.7932031034111
oc=[1, 2, 5, 6, 8, 9, 12, 13], z = 381.59522381568
oc=[1, 2, 5, 6, 8, 9, 12, 13], z = 381.59522381568
oc=[1, 4, 5, 7, 9, 10, 11, 13], z = 343.96847936
oc=[1, 4, 5, 7, 8, 9, 10, 11, 13], z = 348.7634879744
oc=[1, 7, 9, 10, 11, 13], z = 391.14559999999994
oc=[1, 4, 5, 7, 8, 9, 10, 11, 13], z = 348.7634879744
oc=[1, 2, 3, 5, 6, 7, 8, 9, 10, 13], z = 363.72981300013566
oc=[2, 3, 4, 6, 7, 8, 9, 10, 11, 12, 13], z = 359.4824108779135
oc=[1, 4, 5, 7, 9, 10, 11, 13], z = 343.96847936
oc=[1, 7, 9, 10, 11, 13], z = 391.14559999999994
oc=[1, 7, 9, 10, 13], z = 423.76
oc=[1, 7, 9, 10, 13], z = 423.76
oc=[1, 4, 6, 7, 9, 10, 11, 13], z = 379.07680000000005
oc=[1, 5, 7, 9, 10, 11, 13], z = 361.4484793600001
oc=[1, 5, 7, 9, 10, 13], z = 390.92438400000003
oc=[1, 5, 7, 9, 10, 11, 13], z = 361.4484793600001
oc=[1, 5, 7, 8, 9, 10, 11, 13], z = 366.2434879743999
oc=[1, 7, 8, 9, 10, 11, 13], z = 395.64262399999996
oc=[1, 7, 8, 9, 10, 13], z = 420.5344
oc=[1, 7, 8, 9, 10, 11, 13], z = 395.64262399999996
oc=[2, 3, 5, 6, 7, 9, 10, 13], z = 389.1202474816
oc=[6, 7, 9, 12, 13], z = 395.53999999999996
oc=[1, 6, 7, 8, 9, 10, 13], z = 406.29440000000005
oc=[1, 2, 4, 5, 6, 7, 9, 11, 12, 13], z = 326.03526356511315
oc=[1, 2, 4, 5, 6, 7, 9, 12, 13], z = 352.0441055193601
oc=[1, 2, 4, 5, 6, 7, 9, 12, 13], z = 352.0441055193601
oc=[1, 2, 5, 7, 9, 10, 11, 13], z = 355.70019135999996
oc=[1, 2, 5, 7, 9, 10, 13], z = 385.176096
oc=[1, 2, 5, 7, 9, 10, 13], z = 385.176096
oc=[2, 8, 9, 10, 11, 13], z = 375.222624
oc=[1, 2, 4, 5, 8, 9, 11, 12, 13], z = 325.64726397439995
oc=[1, 2, 4, 5, 8, 9, 12, 13], z = 350.34652416000006
oc=[1, 2, 4, 5, 8, 9, 12, 13], z = 350.34652416000006
oc=[1, 2, 4, 5, 6, 9, 11, 12, 13], z = 325.96591403223033
oc=[1, 2, 4, 5, 6, 9, 12, 13], z = 352.04834364416
oc=[1, 2, 4, 5, 6, 9, 12, 13], z = 352.04834364416
oc=[1, 3, 5, 8, 9, 12, 13], z = 345.0418106634753
oc=[3, 6, 7, 8, 9, 10, 11, 13], z = 376.5292941184
oc=[2, 4, 7, 8, 9, 11, 12, 13], z = 346.2016
oc=[2, 4, 7, 8, 9, 12, 13], z = 371.0264000000001
oc=[2, 4, 7, 8, 9, 11, 12, 13], z = 346.2016
oc=[2, 4, 5, 7, 9, 11, 12, 13], z = 314.88376192
oc=[2, 4, 5, 6, 7, 8, 9, 11, 12, 13], z = 325.3122422417696
oc=[2, 4, 5, 6, 7, 8, 9, 12, 13], z = 349.94667262555134
oc=[2, 4, 5, 6, 7, 8, 9, 12, 13], z = 349.94667262555134
oc=[2, 6, 7, 8, 9, 11, 12, 13], z = 361.7926360000001
oc=[2, 6, 7, 8, 9, 12, 13], z = 386.61743600000005
oc=[2, 6, 7, 8, 9, 11, 12, 13], z = 361.7926360000001
oc=[2, 4, 6, 7, 8, 9, 11, 12, 13], z = 356.45771792
oc=[2, 4, 6, 7, 8, 9, 12, 13], z = 381.28251792
oc=[2, 4, 6, 7, 8, 9, 11, 12, 13], z = 356.45771792
oc=[2, 3, 4, 7, 9, 12, 13], z = 377.12300000000005
oc=[2, 3, 5, 6, 7, 9, 12, 13], z = 384.64024748159994
oc=[2, 3, 4, 5, 7, 9, 11, 12, 13], z = 317.8730639102981
oc=[2, 3, 4, 5, 7, 9, 12, 13], z = 348.27053151886787
oc=[2, 3, 4, 5, 7, 9, 11, 12, 13], z = 317.8730639102981
oc=[2, 3, 5, 6, 7, 9, 11, 12, 13], z = 353.75992604454404
oc=[2, 3, 5, 6, 7, 9, 12, 13], z = 384.64024748159994
oc=[2, 3, 5, 6, 7, 9, 11, 12, 13], z = 353.75992604454404
oc=[2, 4, 5, 6, 7, 9, 12, 13], z = 344.7616569152
oc=[2, 3, 4, 5, 6, 7, 8, 9, 11, 12, 13], z = 330.6590543497747
oc=[2, 3, 4, 5, 6, 7, 8, 9, 12, 13], z = 356.03413368143646
oc=[2, 3, 4, 5, 6, 7, 8, 9, 11, 12, 13], z = 330.6590543497747
oc=[5, 6, 7, 8, 9, 12, 13], z = 383.8009691136
oc=[1, 5, 7, 8, 9, 10, 11, 13], z = 366.2434879743999
oc=[1, 5, 7, 8, 9, 10, 13], z = 391.0097241599999
oc=[1, 5, 7, 8, 9, 10, 13], z = 391.0097241599999
oc=[5, 6, 8, 9, 10, 11, 13], z = 352.47684338022395
oc=[2, 3, 5, 9, 10, 11, 13], z = 344.9253429504
oc=[4, 6, 9, 10, 11, 13], z = 358.65680000000003
oc=[2, 3, 4, 8, 9, 10, 13], z = 380.839512
oc=[2, 3, 5, 9, 10, 11, 13], z = 344.9253429504
oc=[2, 3, 8, 9, 10, 13], z = 406.102712
oc=[2, 3, 4, 6, 8, 9, 10, 13], z = 389.32939999999996
oc=[2, 3, 4, 8, 9, 10, 11, 13], z = 354.5860941184
oc=[2, 3, 4, 8, 9, 10, 13], z = 380.839512
oc=[2, 3, 4, 8, 9, 10, 13], z = 380.839512
oc=[1, 2, 4, 5, 6, 7, 9, 10, 11, 13], z = 329.96568524603526
oc=[1, 2, 4, 5, 6, 7, 9, 10, 13], z = 356.52410551936
oc=[1, 2, 4, 5, 6, 7, 9, 10, 13], z = 356.52410551936
oc=[2, 3, 4, 7, 9, 10, 11, 13], z = 348.9886
oc=[4, 6, 7, 9, 10, 11, 13], z = 369.57680000000005
oc=[2, 7, 8, 9, 10, 11, 13], z = 375.87782400000003
oc=[2, 3, 6, 8, 9, 10, 13], z = 391.86271200000004
oc=[1, 5, 6, 7, 8, 9, 11, 12, 13], z = 367.7132031034113
oc=[1, 5, 6, 7, 8, 9, 12, 13], z = 392.51522381568
oc=[1, 5, 6, 7, 8, 9, 11, 12, 13], z = 367.7132031034113
oc=[1, 4, 6, 9, 10, 11, 13], z = 368.1568
oc=[4, 6, 8, 9, 10, 11, 13], z = 363.153824
oc=[3, 4, 5, 8, 9, 10, 11, 13], z = 333.749547836416
oc=[3, 4, 5, 8, 9, 10, 13], z = 359.98126442240005
oc=[3, 4, 5, 8, 9, 10, 11, 13], z = 333.749547836416
oc=[3, 4, 5, 6, 9, 10, 13], z = 365.30796105932797
oc=[1, 3, 5, 9, 10, 11, 12, 13], z = 310.14142878537245
oc=[5, 6, 8, 9, 10, 11, 13], z = 352.47684338022395
oc=[5, 6, 8, 9, 10, 13], z = 377.36096911360005
oc=[5, 6, 8, 9, 10, 13], z = 377.36096911360005
oc=[5, 8, 9, 10, 13], z = 371.42037375999996
oc=[2, 4, 6, 9, 10, 13], z = 386.566688
oc=[7, 9, 10, 11, 13], z = 381.6456
oc=[9, 12, 13, 7], z = 409.78000000000003
oc=[6, 8, 9, 10, 11, 13], z = 360.9826240000001
oc=[6, 8, 9, 10, 13], z = 385.8743999999999
oc=[6, 8, 9, 10, 13], z = 385.8743999999999
oc=[1, 4, 7, 8, 9, 11, 12, 13], z = 373.7496
oc=[1, 4, 7, 8, 9, 12, 13], z = 398.57439999999997
oc=[1, 4, 7, 8, 9, 11, 12, 13], z = 373.7496
oc=[1, 4, 6, 7, 8, 9, 10, 11, 13], z = 383.57382400000006
oc=[4, 5, 9, 11, 12, 13], z = 321.65044095999997
oc=[4, 8, 9, 11, 12, 13], z = 353.3296
oc=[4, 8, 9, 12, 13], z = 378.1544
oc=[4, 8, 9, 11, 12, 13], z = 353.3296
oc=[1, 2, 4, 5, 6, 8, 9, 11, 12, 13], z = 332.7258278761308
oc=[1, 2, 4, 5, 6, 8, 9, 12, 13], z = 357.356325060608
oc=[1, 2, 4, 5, 6, 8, 9, 12, 13], z = 357.356325060608
oc=[4, 7, 9, 10, 11, 13], z = 364.1655999999999
oc=[2, 3, 5, 6, 7, 8, 9, 10, 11, 13], z = 362.82388634738174
oc=[2, 3, 5, 6, 7, 8, 9, 10, 13], z = 389.074917086464
oc=[2, 3, 5, 6, 7, 8, 9, 10, 13], z = 389.074917086464
oc=[2, 3, 4, 5, 7, 8, 9, 10, 11, 13], z = 326.982868796414
oc=[4, 6, 7, 8, 9, 10, 13], z = 398.9656
oc=[2, 5, 7, 9, 10, 11, 13], z = 347.1077529600001
oc=[2, 3, 5, 7, 8, 9, 10, 11, 13], z = 356.401259836416
oc=[2, 3, 5, 7, 8, 9, 10, 13], z = 382.63297642239996
oc=[2, 3, 5, 7, 8, 9, 10, 13], z = 382.63297642239996
oc=[1, 8, 9, 10, 11, 13], z = 384.722624
oc=[2, 3, 7, 8, 9, 10, 11, 13], z = 380.50449411839986
oc=[2, 3, 7, 8, 9, 10, 13], z = 406.757912
oc=[2, 3, 7, 8, 9, 10, 13], z = 406.757912
oc=[2, 4, 6, 8, 9, 10, 11, 13], z = 358.449312
oc=[2, 9, 10, 11, 13], z = 370.7256
oc=[1, 2, 4, 5, 7, 9, 10, 11, 13], z = 326.28180032
oc=[1, 2, 4, 5, 7, 9, 10, 13], z = 355.75770495999996
oc=[1, 2, 4, 5, 7, 9, 10, 13], z = 355.75770495999996
oc=[1, 2, 3, 4, 7, 9, 10, 11, 13], z = 340.9581293575975
oc=[2, 6, 7, 9, 10, 11, 12, 13], z = 353.8894598638721
oc=[2, 6, 7, 9, 10, 12, 13], z = 401.1774360000001
oc=[2, 6, 7, 9, 10, 11, 12, 13], z = 353.8894598638721
oc=[2, 5, 6, 9, 10, 13], z = 380.38480384
oc=[7, 8, 9, 12, 13], z = 406.5544
oc=[3, 4, 5, 6, 7, 9, 10, 13], z = 376.227961059328
oc=[4, 8, 9, 10, 11, 13], z = 357.742624
oc=[4, 5, 9, 10, 13], z = 355.33174399999996
oc=[3, 6, 8, 9, 10, 11, 13], z = 365.60929411839993
oc=[3, 6, 8, 9, 10, 13], z = 391.862712
oc=[3, 6, 8, 9, 10, 11, 13], z = 365.60929411839993
oc=[3, 4, 5, 6, 8, 9, 10, 11, 13], z = 344.392451405687
oc=[3, 4, 5, 6, 8, 9, 10, 13], z = 370.4662412583731
oc=[3, 4, 5, 6, 8, 9, 10, 13], z = 370.4662412583731
oc=[2, 3, 4, 6, 7, 8, 9, 10, 11, 13], z = 365.49741203840006
oc=[2, 3, 4, 6, 7, 8, 9, 10, 13], z = 391.7508299200001
oc=[2, 3, 4, 6, 7, 8, 9, 10, 13], z = 391.7508299200001
oc=[1, 2, 4, 5, 8, 9, 10, 11, 13], z = 330.0602879744
oc=[1, 2, 4, 5, 8, 9, 10, 13], z = 354.82652415999996
oc=[1, 2, 4, 5, 8, 9, 10, 11, 13], z = 330.0602879744
oc=[1, 2, 4, 6, 9, 10, 13], z = 396.066688
oc=[1, 2, 9, 10, 11, 13], z = 380.2256
oc=[1, 2, 6, 9, 10, 13], z = 398.6
oc=[1, 5, 6, 7, 9, 11, 12, 13], z = 364.76953358527993
oc=[1, 4, 6, 7, 8, 9, 11, 12, 13], z = 379.1608
oc=[1, 4, 6, 7, 8, 9, 12, 13], z = 403.9856000000001
oc=[1, 4, 6, 7, 8, 9, 11, 12, 13], z = 379.1608
oc=[1, 7, 8, 9, 11, 12, 13], z = 391.22959999999995
oc=[1, 7, 8, 9, 12, 13], z = 416.05439999999993
oc=[1, 7, 8, 9, 12, 13], z = 416.05439999999993
oc=[1, 5, 6, 7, 8, 9, 10, 11, 13], z = 372.1262271034112
oc=[1, 5, 6, 7, 8, 9, 10, 13], z = 396.9952238156801
oc=[1, 5, 6, 7, 8, 9, 10, 13], z = 396.9952238156801
oc=[2, 3, 8, 9, 10, 11, 13], z = 379.84929411840005
oc=[2, 3, 8, 9, 10, 13], z = 406.102712
oc=[2, 3, 8, 9, 10, 13], z = 406.102712
oc=[1, 2, 4, 7, 8, 9, 11, 12, 13], z = 355.7016
oc=[1, 2, 4, 7, 8, 9, 12, 13], z = 380.52639999999997
oc=[1, 2, 4, 7, 8, 9, 12, 13], z = 380.52639999999997
oc=[1, 2, 4, 5, 7, 8, 9, 11, 12, 13], z = 326.6637849343999
oc=[1, 2, 4, 5, 7, 8, 9, 12, 13], z = 351.36304512000004
oc=[1, 2, 4, 5, 7, 8, 9, 12, 13], z = 351.36304512000004
oc=[1, 2, 4, 5, 7, 9, 11, 12, 13], z = 323.47620032000003
oc=[1, 2, 4, 5, 7, 9, 12, 13], z = 351.27770495999994
oc=[1, 2, 4, 5, 7, 9, 11, 12, 13], z = 323.47620032000003
oc=[1, 2, 3, 6, 7, 8, 9, 11, 12, 13], z = 359.39610336941894
oc=[1, 4, 9, 10, 13], z = 395.36
oc=[1, 6, 7, 8, 9, 11, 12, 13], z = 376.9896
oc=[1, 6, 7, 8, 9, 12, 13], z = 401.8144
oc=[1, 6, 7, 8, 9, 12, 13], z = 401.8144
oc=[6, 7, 9, 12, 13], z = 395.53999999999996
oc=[2, 3, 4, 5, 8, 9, 10, 11, 13], z = 325.96634783641605
oc=[2, 3, 4, 5, 8, 9, 10, 13], z = 352.19806442239997
oc=[2, 3, 4, 5, 8, 9, 10, 11, 13], z = 325.96634783641605
oc=[2, 3, 4, 5, 9, 10, 13], z = 351.73401056
oc=[8, 9, 10, 11, 13], z = 375.222624
oc=[8, 9, 10, 13], z = 400.1144
oc=[8, 9, 10, 11, 13], z = 375.222624
oc=[5, 8, 9, 10, 11, 13], z = 346.59814563839996
oc=[5, 8, 9, 10, 13], z = 371.42037375999996
oc=[5, 8, 9, 10, 13], z = 371.42037375999996
oc=[4, 5, 6, 8, 9, 10, 11, 13], z = 339.71643072761856
oc=[4, 5, 6, 8, 9, 10, 13], z = 364.3822991872
oc=[4, 5, 6, 8, 9, 10, 13], z = 364.3822991872
oc=[2, 3, 5, 8, 9, 10, 11, 13], z = 351.22954783641603
oc=[2, 3, 5, 8, 9, 10, 13], z = 377.46126442239995
oc=[2, 3, 5, 8, 9, 10, 13], z = 377.46126442239995
oc=[2, 3, 4, 6, 8, 9, 10, 11, 13], z = 363.0759821184
oc=[2, 3, 4, 6, 8, 9, 10, 13], z = 389.32939999999996
oc=[2, 3, 4, 6, 8, 9, 10, 11, 13], z = 363.0759821184
oc=[2, 3, 5, 6, 8, 9, 10, 11, 13], z = 357.1040340273818
oc=[2, 3, 5, 6, 8, 9, 10, 13], z = 383.35506476646407
oc=[2, 3, 5, 6, 8, 9, 10, 11, 13], z = 357.1040340273818
oc=[1, 2, 4, 5, 6, 9, 10, 12, 13], z = 363.38274364416
oc=[2, 4, 9, 10, 11, 13], z = 345.4624
oc=[2, 3, 4, 5, 6, 8, 9, 10, 11, 13], z = 334.35262479684866
oc=[2, 3, 4, 5, 6, 8, 9, 10, 13], z = 360.42369993358625
oc=[2, 3, 4, 5, 6, 8, 9, 10, 13], z = 360.42369993358625
oc=[2, 5, 6, 8, 9, 10, 13], z = 377.36096911360005
oc=[2, 4, 5, 6, 8, 9, 10, 11, 13], z = 329.6762874101555
oc=[2, 3, 5, 9, 10, 11, 13], z = 344.9253429504
oc=[2, 3, 5, 9, 10, 13], z = 376.9972105600001
oc=[2, 3, 5, 9, 10, 11, 13], z = 344.9253429504
oc=[2, 5, 9, 10, 11, 13], z = 341.93604095999996
oc=[2, 3, 6, 8, 9, 10, 11, 13], z = 365.60929411840004
oc=[2, 3, 6, 8, 9, 10, 13], z = 391.86271200000004
oc=[2, 3, 6, 8, 9, 10, 13], z = 391.86271200000004
oc=[1, 3, 4, 5, 8, 9, 10, 12, 13], z = 342.2089263267943
oc=[2, 4, 9, 10, 11, 13], z = 345.4624
oc=[2, 4, 9, 10, 13], z = 378.07680000000005
oc=[2, 4, 9, 10, 13], z = 378.07680000000005
oc=[2, 4, 5, 9, 10, 11, 13], z = 316.6728409600001
oc=[2, 4, 5, 9, 10, 13], z = 347.5485440000001
oc=[2, 4, 5, 9, 10, 13], z = 347.5485440000001
oc=[2, 3, 4, 5, 9, 10, 11, 13], z = 319.66214295040004
oc=[2, 3, 4, 5, 9, 10, 13], z = 351.73401056
oc=[2, 3, 4, 5, 9, 10, 11, 13], z = 319.66214295040004
oc=[1, 2, 4, 7, 9, 10, 12], z = 384.4264
oc=[5, 7, 9, 10, 12], z = 378.59839999999997
oc=[3, 4, 5, 8, 9, 10, 11], z = 323.8089657600001
oc=[3, 6, 9, 10, 11], z = 352.75559999999996
oc=[2, 5, 6, 8, 9, 10, 11, 13], z = 352.47684338022407
oc=[2, 5, 6, 8, 9, 10, 13], z = 377.36096911360005
oc=[2, 5, 6, 8, 9, 10, 13], z = 377.36096911360005
oc=[2, 4, 5, 8, 9, 10, 11, 13], z = 321.3349456384001
oc=[1, 3, 5, 6, 8, 9, 10, 11, 12], z = 349.526387447892
oc=[2, 9, 10, 11, 13], z = 370.7256
oc=[9, 10, 2, 13], z = 403.34
oc=[2, 9, 10, 11, 13], z = 370.7256
oc=[2, 5, 9, 10, 11, 13], z = 341.93604095999996
oc=[2, 5, 9, 10, 13], z = 372.811744
oc=[2, 5, 9, 10, 11, 13], z = 341.93604095999996
oc=[2, 5, 8, 9, 10, 11, 13], z = 346.59814563840007
oc=[1, 2, 5, 6, 8, 9, 10, 12, 13], z = 392.92962381568003
oc=[1, 2, 4, 8, 9, 10, 11, 12, 13], z = 354.00408099225604
oc=[1, 2, 4, 9, 10, 11, 13], z = 354.9624
oc=[1, 2, 9, 10, 11, 13], z = 380.2256
oc=[1, 2, 9, 10, 13], z = 412.84000000000003
oc=[1, 2, 9, 10, 13], z = 412.84000000000003
oc=[1, 2, 5, 9, 10, 11, 13], z = 350.52847935999995
oc=[1, 2, 5, 9, 10, 13], z = 380.00438399999996
oc=[1, 2, 5, 9, 10, 11, 13], z = 350.52847935999995
oc=[1, 3, 4, 8, 9, 10, 13], z = 386.35462945664
oc=[1, 3, 4, 5, 8, 9, 10, 11, 13], z = 301.2267981746544
oc=[1, 3, 4, 5, 8, 9, 10, 13], z = 334.97282668487685
oc=[1, 3, 4, 5, 8, 9, 10, 13], z = 334.97282668487685
oc=[1, 2, 4, 5, 9, 10, 11, 12, 13], z = 317.96695400960004
oc=[1, 3, 4, 9, 10, 11, 13], z = 347.79289046208
oc=[1, 6, 8, 9, 10, 13], z = 395.3743999999999
oc=[3, 5, 7, 8, 9, 10, 11, 13], z = 362.14954783641605
oc=[3, 5, 7, 9, 10, 13], z = 387.91721056
oc=[3, 6, 7, 9, 10, 11, 13], z = 370.2766
oc=[2, 3, 6, 7, 8, 9, 10, 11, 13], z = 370.8323301184
oc=[2, 3, 6, 7, 8, 9, 10, 13], z = 397.0857480000001
oc=[2, 3, 6, 7, 8, 9, 10, 13], z = 397.0857480000001
oc=[1, 4, 5, 7, 8, 9, 11, 12, 13], z = 344.3504639744
oc=[1, 4, 5, 7, 8, 9, 12, 13], z = 369.04972416000004
oc=[1, 4, 5, 7, 8, 9, 11, 12, 13], z = 344.3504639744
oc=[1, 5, 7, 8, 9, 11, 12, 13], z = 361.8304639744
oc=[1, 5, 7, 8, 9, 12, 13], z = 386.52972416
oc=[1, 5, 7, 8, 9, 11, 12, 13], z = 361.8304639744
oc=[1, 5, 7, 9, 12, 13], z = 386.444384
oc=[1, 6, 7, 9, 12, 13], z = 405.03999999999996
oc=[1, 4, 5, 6, 7, 9, 11, 12, 13], z = 347.53830347120635
oc=[1, 6, 7, 9, 11, 12, 13], z = 374.1
oc=[1, 6, 7, 9, 12, 13], z = 405.03999999999996
oc=[1, 6, 7, 9, 12, 13], z = 405.03999999999996
oc=[4, 5, 6, 7, 8, 9, 12, 13], z = 370.8222991872
oc=[3, 4, 7, 9, 10, 11, 13], z = 367.0366
oc=[1, 7, 9, 12, 13], z = 419.28
oc=[1, 5, 6, 7, 9, 11, 12, 13], z = 364.76953358527993
oc=[1, 5, 6, 7, 9, 12, 13], z = 395.140051392
oc=[1, 5, 6, 7, 9, 11, 12, 13], z = 364.76953358527993
oc=[1, 4, 5, 6, 9, 10, 13], z = 367.32865788415995
oc=[1, 4, 6, 7, 8, 9, 10, 11, 13], z = 383.57382400000006
oc=[1, 4, 6, 7, 8, 9, 10, 13], z = 408.4656
oc=[1, 4, 6, 7, 8, 9, 10, 11, 13], z = 383.57382400000006
oc=[7, 9, 11, 12, 13], z = 378.84000000000003
oc=[3, 4, 5, 6, 7, 9, 10, 13], z = 376.227961059328
oc=[3, 5, 6, 8, 9, 10, 11, 13], z = 357.10403402738166
oc=[3, 5, 6, 8, 9, 10, 13], z = 383.3550647664639
oc=[3, 5, 6, 8, 9, 10, 11, 13], z = 357.10403402738166
oc=[2, 3, 7, 9, 10, 13], z = 406.86620000000005
oc=[1, 8, 9, 10, 13], z = 409.6144
oc=[2, 3, 4, 7, 9, 10, 11, 13], z = 348.9886
oc=[2, 7, 8, 9, 10, 13], z = 400.76959999999997
oc=[5, 7, 8, 9, 10, 11, 13], z = 357.51814563840003
oc=[2, 3, 4, 5, 6, 7, 8, 9, 10, 11, 13], z = 334.44659649569934
oc=[2, 3, 4, 5, 6, 7, 8, 9, 10, 13], z = 360.51413368143915
oc=[2, 3, 4, 5, 6, 7, 8, 9, 10, 11, 13], z = 334.44659649569934
oc=[5, 7, 9, 10, 11, 13], z = 352.85604096
oc=[5, 7, 9, 10, 13], z = 383.73174399999994
oc=[5, 7, 9, 10, 13], z = 383.73174399999994
oc=[2, 5, 6, 7, 8, 9, 10, 13], z = 383.0808214335999
oc=[4, 5, 6, 7, 9, 10, 13], z = 370.96620927999993
oc=[4, 5, 7, 8, 9, 11, 12, 13], z = 335.62512163840006
oc=[4, 6, 7, 9, 11, 12, 13], z = 366.7712
oc=[4, 5, 7, 9, 12, 13], z = 361.771744
oc=[5, 7, 8, 9, 11, 12, 13], z = 353.1051216384
oc=[5, 7, 8, 9, 12, 13], z = 377.86037375999996
oc=[5, 7, 8, 9, 11, 12, 13], z = 353.1051216384
oc=[5, 7, 9, 11, 12, 13], z = 350.05044096000006
oc=[5, 7, 9, 12, 13], z = 379.25174400000003
oc=[5, 7, 9, 12, 13], z = 379.25174400000003
oc=[7, 9, 11, 12, 13], z = 378.84000000000003
oc=[9, 12, 13, 7], z = 409.78000000000003
oc=[7, 9, 11, 12, 13], z = 378.84000000000003
oc=[7, 8, 9, 11, 12, 13], z = 381.7296
oc=[7, 8, 9, 12, 13], z = 406.5544
oc=[7, 8, 9, 12, 13], z = 406.5544
oc=[5, 6, 7, 8, 9, 12, 13], z = 383.8009691136
oc=[1, 6, 7, 8, 9, 10, 11, 13], z = 381.40262400000006
oc=[1, 6, 7, 8, 9, 10, 13], z = 406.29440000000005
oc=[1, 6, 7, 8, 9, 10, 11, 13], z = 381.40262400000006
oc=[7, 9, 10, 11, 13], z = 381.6456
oc=[9, 10, 13, 7], z = 414.26
oc=[9, 10, 13, 7], z = 414.26
oc=[5, 6, 7, 9, 11, 12, 13], z = 356.0760605055999
oc=[5, 6, 7, 9, 12, 13], z = 386.82480383999996
oc=[5, 6, 7, 9, 11, 12, 13], z = 356.0760605055999
oc=[4, 5, 7, 8, 9, 11, 12, 13], z = 335.62512163840006
oc=[4, 5, 7, 8, 9, 12, 13], z = 360.38037375999994
oc=[4, 5, 7, 8, 9, 11, 12, 13], z = 335.62512163840006
oc=[4, 5, 6, 7, 9, 11, 12, 13], z = 340.08393722675197
oc=[4, 5, 6, 7, 9, 12, 13], z = 366.48620927999997
oc=[4, 5, 6, 7, 9, 12, 13], z = 366.48620927999997
oc=[4, 6, 7, 9, 11, 12, 13], z = 366.7712
oc=[4, 6, 7, 9, 12, 13], z = 397.7112
oc=[4, 6, 7, 9, 12, 13], z = 397.7112
oc=[1, 4, 5, 6, 7, 8, 9, 11, 12, 13], z = 354.25426251708836
oc=[1, 4, 5, 6, 7, 8, 9, 12, 13], z = 378.8906766936064
oc=[1, 4, 5, 6, 7, 8, 9, 12, 13], z = 378.8906766936064
oc=[2, 4, 5, 7, 8, 9, 10, 11, 13], z = 322.35146659839995
oc=[2, 5, 7, 8, 9, 10, 13], z = 376.59208576
oc=[2, 4, 5, 6, 7, 8, 9, 10, 13], z = 354.4266726255514
oc=[2, 4, 7, 9, 10, 11, 13], z = 346.11760000000004
oc=[2, 3, 5, 7, 9, 10, 11, 13], z = 350.09705495040004
oc=[2, 3, 5, 7, 9, 10, 13], z = 382.16892256000006
oc=[2, 3, 5, 7, 9, 10, 11, 13], z = 350.09705495040004
oc=[2, 5, 6, 7, 8, 9, 10, 11, 13], z = 358.196695700224
oc=[2, 3, 4, 5, 7, 8, 9, 10, 11, 13], z = 326.982868796414
oc=[2, 3, 4, 5, 7, 8, 9, 10, 13], z = 353.2145853823773
oc=[2, 3, 4, 5, 7, 8, 9, 10, 11, 13], z = 326.982868796414
oc=[2, 3, 7, 9, 10, 11, 13], z = 374.2518
oc=[2, 3, 7, 9, 10, 13], z = 406.86620000000005
oc=[2, 3, 7, 9, 10, 11, 13], z = 374.2518
oc=[2, 3, 4, 5, 6, 7, 9, 10, 13], z = 354.5913833123934
oc=[2, 4, 5, 6, 7, 8, 9, 10, 11, 13], z = 329.77025910900664
oc=[2, 4, 5, 6, 7, 8, 9, 10, 13], z = 354.4266726255514
oc=[2, 4, 5, 6, 7, 8, 9, 10, 13], z = 354.4266726255514
oc=[3, 7, 9, 10, 13], z = 417.13100000000003
oc=[3, 5, 6, 7, 9, 10, 11, 13], z = 361.76567372454394
oc=[3, 5, 6, 7, 9, 10, 13], z = 394.3203951615999
oc=[3, 5, 6, 7, 9, 10, 13], z = 394.3203951615999
oc=[4, 5, 7, 9, 11, 12, 13], z = 332.5704409599999
oc=[4, 5, 7, 9, 12, 13], z = 361.771744
oc=[4, 5, 7, 9, 12, 13], z = 361.771744
oc=[1, 9, 10, 11, 13], z = 380.2256
oc=[3, 5, 7, 8, 9, 10, 13], z = 388.38126442239997
oc=[1, 4, 5, 7, 8, 9, 10, 11, 13], z = 348.7634879744
oc=[1, 4, 5, 7, 8, 9, 10, 13], z = 373.52972416
oc=[1, 4, 5, 7, 8, 9, 10, 11, 13], z = 348.7634879744
oc=[1, 4, 5, 6, 7, 8, 9, 10, 11, 13], z = 358.7116849396369
oc=[1, 4, 5, 6, 7, 8, 9, 10, 13], z = 383.3706766936064
oc=[1, 4, 5, 6, 7, 8, 9, 10, 13], z = 383.3706766936064
oc=[3, 4, 5, 7, 9, 10, 11, 13], z = 338.3653429504001
oc=[3, 4, 5, 7, 9, 10, 13], z = 370.43721056000004
oc=[3, 4, 5, 7, 9, 10, 13], z = 370.43721056000004
oc=[1, 4, 6, 8, 9, 10, 13], z = 397.5455999999999
oc=[3, 4, 7, 8, 9, 10, 13], z = 399.54271200000005
oc=[4, 5, 6, 7, 8, 9, 11, 12, 13], z = 346.17900830506994
oc=[4, 5, 6, 7, 8, 9, 12, 13], z = 370.8222991872
oc=[4, 5, 6, 7, 8, 9, 11, 12, 13], z = 346.17900830506994
oc=[6, 7, 9, 11, 12, 13], z = 364.6000000000001
oc=[6, 7, 9, 12, 13], z = 395.53999999999996
oc=[6, 7, 9, 11, 12, 13], z = 364.6000000000001
oc=[5, 6, 7, 8, 9, 11, 12, 13], z = 358.98381938022396
oc=[5, 6, 7, 8, 9, 12, 13], z = 383.8009691136
oc=[5, 6, 7, 8, 9, 12, 13], z = 383.8009691136
oc=[6, 7, 8, 9, 11, 12, 13], z = 367.4896
oc=[6, 7, 8, 9, 12, 13], z = 392.31440000000003
oc=[6, 7, 8, 9, 12, 13], z = 392.31440000000003
oc=[1, 6, 9, 10, 11, 13], z = 365.9856
oc=[1, 4, 5, 8, 9, 10, 11, 13], z = 337.8434879744
oc=[1, 4, 6, 9, 10, 11, 13], z = 368.1568
oc=[1, 4, 6, 9, 10, 13], z = 400.7712
oc=[1, 4, 6, 9, 10, 13], z = 400.7712
oc=[1, 8, 9, 10, 11, 13], z = 384.722624
oc=[1, 8, 9, 10, 13], z = 409.6144
oc=[1, 8, 9, 10, 11, 13], z = 384.722624
oc=[1, 4, 5, 6, 9, 10, 11, 13], z = 340.5338640349184
oc=[1, 4, 5, 6, 9, 10, 13], z = 367.32865788415995
oc=[1, 4, 5, 6, 9, 10, 11, 13], z = 340.5338640349184
oc=[1, 5, 8, 9, 10, 11, 13], z = 355.3234879744
oc=[1, 5, 8, 9, 10, 13], z = 380.08972416
oc=[1, 5, 8, 9, 10, 13], z = 380.08972416
oc=[1, 5, 6, 8, 9, 10, 11, 13], z = 361.20622710341127
oc=[1, 5, 6, 8, 9, 10, 13], z = 386.07522381568003
oc=[1, 5, 6, 8, 9, 10, 11, 13], z = 361.20622710341127
oc=[1, 4, 5, 6, 8, 9, 10, 11, 13], z = 347.79168493963675
oc=[1, 4, 5, 6, 8, 9, 10, 13], z = 372.45067669360645
oc=[1, 4, 5, 6, 8, 9, 10, 13], z = 372.45067669360645
oc=[1, 4, 6, 8, 9, 10, 11, 13], z = 372.653824
oc=[1, 4, 6, 8, 9, 10, 13], z = 397.5455999999999
oc=[1, 4, 6, 8, 9, 10, 11, 13], z = 372.653824
oc=[1, 5, 6, 9, 10, 11, 13], z = 356.65513358528
oc=[1, 5, 6, 9, 10, 13], z = 388.700051392
oc=[1, 5, 6, 9, 10, 11, 13], z = 356.65513358528
oc=[1, 3, 4, 8, 9, 10, 11, 13], z = 353.03854918733106
oc=[1, 3, 4, 8, 9, 10, 13], z = 386.35462945664
oc=[1, 3, 4, 8, 9, 10, 13], z = 386.35462945664
oc=[1, 2, 3, 4, 5, 9, 10, 13], z = 324.95868459136
oc=[1, 6, 8, 9, 10, 11, 13], z = 370.482624
oc=[1, 6, 8, 9, 10, 13], z = 395.3743999999999
oc=[1, 6, 8, 9, 10, 13], z = 395.3743999999999
oc=[3, 4, 5, 6, 7, 9, 10, 11, 13], z = 348.10426178217557
oc=[3, 4, 5, 6, 7, 9, 10, 13], z = 376.227961059328
oc=[3, 4, 5, 6, 7, 9, 10, 11, 13], z = 348.10426178217557
oc=[3, 4, 5, 6, 7, 8, 9, 10, 11, 13], z = 355.31245140568706
oc=[3, 6, 7, 9, 10, 11, 13], z = 370.2766
oc=[3, 6, 7, 9, 10, 13], z = 402.89099999999996
oc=[3, 6, 7, 9, 10, 11, 13], z = 370.2766
oc=[3, 5, 7, 9, 10, 11, 13], z = 355.8453429504001
oc=[3, 5, 7, 9, 10, 13], z = 387.91721056
oc=[3, 5, 7, 9, 10, 13], z = 387.91721056
oc=[1, 4, 5, 9, 10, 11, 13], z = 333.04847936
oc=[1, 4, 5, 9, 10, 13], z = 362.524384
oc=[1, 4, 5, 9, 10, 11, 13], z = 333.04847936
oc=[1, 2, 3, 4, 8, 9, 10, 13], z = 378.57142945664
oc=[1, 3, 4, 6, 8, 9, 10, 13], z = 392.9104291643905
oc=[1, 2, 3, 6, 8, 9, 10, 11, 13], z = 356.82599672049605
oc=[1, 4, 5, 8, 9, 10, 11, 13], z = 337.8434879744
oc=[1, 4, 5, 8, 9, 10, 13], z = 362.60972416000004
oc=[1, 4, 5, 8, 9, 10, 13], z = 362.60972416000004
oc=[1, 2, 3, 4, 5, 6, 9, 10, 13], z = 327.10586210829774
oc=[1, 9, 10, 11, 13], z = 380.2256
oc=[9, 10, 13, 1], z = 412.84000000000003
oc=[1, 9, 10, 11, 13], z = 380.2256
oc=[1, 5, 9, 10, 11, 13], z = 350.52847936000006
oc=[1, 5, 9, 10, 13], z = 380.004384
oc=[1, 5, 9, 10, 11, 13], z = 350.52847936000006
oc=[3, 4, 7, 9, 10, 11, 13], z = 367.0366
oc=[3, 4, 7, 9, 10, 13], z = 399.65100000000007
oc=[3, 4, 7, 9, 10, 13], z = 399.65100000000007
oc=[3, 6, 7, 8, 9, 10, 13], z = 402.782712
oc=[3, 5, 6, 7, 8, 9, 10, 11, 13], z = 368.02403402738173
oc=[3, 5, 6, 7, 8, 9, 10, 13], z = 394.27506476646397
oc=[3, 5, 6, 7, 8, 9, 10, 13], z = 394.27506476646397
oc=[3, 7, 8, 9, 10, 11, 13], z = 390.7692941184
oc=[3, 7, 8, 9, 10, 13], z = 417.02271199999996
oc=[3, 7, 8, 9, 10, 13], z = 417.02271199999996
oc=[4, 6, 8, 9, 11, 12, 13], z = 358.7407999999999
oc=[4, 6, 8, 9, 12, 13], z = 383.56559999999996
oc=[4, 6, 8, 9, 11, 12, 13], z = 358.7407999999999
oc=[9, 12, 13, 6], z = 384.62
oc=[9, 12, 13], z = 398.86
oc=[5, 6, 9, 11, 12, 13], z = 345.15606050560007
oc=[5, 6, 9, 12, 13], z = 375.90480384
oc=[5, 6, 9, 11, 12, 13], z = 345.15606050560007
oc=[5, 9, 11, 12, 13], z = 339.13044096
oc=[9, 5, 12, 13], z = 368.331744
oc=[9, 5, 12, 13], z = 368.331744
oc=[6, 9, 11, 12, 13], z = 353.68000000000006
oc=[9, 12, 13, 6], z = 384.62
oc=[9, 12, 13, 6], z = 384.62
oc=[4, 6, 7, 8, 9, 11, 12, 13], z = 369.6608000000001
oc=[4, 6, 7, 8, 9, 12, 13], z = 394.48560000000003
oc=[4, 6, 7, 8, 9, 11, 12, 13], z = 369.6608000000001
oc=[3, 6, 7, 8, 9, 10, 11, 13], z = 376.5292941184
oc=[3, 6, 7, 8, 9, 10, 13], z = 402.782712
oc=[3, 6, 7, 8, 9, 10, 11, 13], z = 376.5292941184
oc=[1, 2, 4, 6, 7, 8, 9, 12, 13], z = 390.78251792000003
oc=[3, 4, 5, 7, 8, 9, 10, 11, 13], z = 344.66954783641603
oc=[3, 4, 5, 7, 8, 9, 10, 13], z = 370.9012644224
oc=[3, 4, 5, 7, 8, 9, 10, 13], z = 370.9012644224
oc=[2, 3, 9, 10, 11, 13], z = 373.5966
oc=[2, 3, 9, 10, 13], z = 406.211
oc=[2, 3, 9, 10, 13], z = 406.211
oc=[2, 3, 6, 9, 10, 13], z = 391.971
oc=[3, 4, 9, 10, 13], z = 388.731
oc=[1, 2, 4, 6, 7, 9, 10, 11, 13], z = 365.87371792
oc=[1, 2, 4, 6, 7, 9, 10, 13], z = 398.4881179199999
oc=[1, 2, 4, 6, 7, 9, 10, 11, 13], z = 365.87371792
oc=[2, 3, 4, 5, 6, 9, 10, 13], z = 354.59562143725566
oc=[2, 3, 5, 6, 9, 10, 11, 13], z = 350.845673724544
oc=[2, 3, 5, 6, 9, 10, 13], z = 383.4003951616
oc=[2, 3, 5, 6, 9, 10, 11, 13], z = 350.845673724544
oc=[4, 5, 8, 9, 11, 12, 13], z = 324.7051216384
oc=[4, 5, 8, 9, 12, 13], z = 349.4603737599999
oc=[4, 5, 8, 9, 12, 13], z = 349.4603737599999
oc=[4, 6, 9, 11, 12, 13], z = 355.8512
oc=[4, 6, 9, 12, 13], z = 386.7912
oc=[4, 6, 9, 12, 13], z = 386.7912
oc=[9, 11, 12, 13], z = 367.91999999999996
oc=[9, 12, 13], z = 398.86
oc=[9, 11, 12, 13], z = 367.91999999999996
oc=[4, 5, 6, 9, 11, 12, 13], z = 329.16393722675195
oc=[4, 5, 6, 9, 12, 13], z = 355.56620927999995
oc=[4, 5, 6, 9, 11, 12, 13], z = 329.16393722675195
oc=[3, 6, 9, 10, 11, 13], z = 359.35659999999996
oc=[3, 5, 7, 8, 9, 10, 11, 13], z = 362.14954783641605
oc=[3, 5, 7, 8, 9, 10, 13], z = 388.38126442239997
oc=[3, 5, 7, 8, 9, 10, 11, 13], z = 362.14954783641605
oc=[3, 4, 6, 7, 9, 10, 11, 13], z = 372.4478000000001
oc=[3, 4, 6, 7, 9, 10, 13], z = 405.06219999999996
oc=[3, 4, 6, 7, 9, 10, 13], z = 405.06219999999996
oc=[3, 4, 7, 8, 9, 10, 11, 13], z = 373.28929411840005
oc=[3, 4, 7, 8, 9, 10, 13], z = 399.54271200000005
oc=[3, 4, 7, 8, 9, 10, 11, 13], z = 373.28929411840005
oc=[3, 7, 9, 10, 11, 13], z = 384.51660000000004
oc=[3, 7, 9, 10, 13], z = 417.13100000000003
oc=[3, 7, 9, 10, 13], z = 417.13100000000003
oc=[1, 4, 5, 7, 9, 10, 11, 13], z = 343.96847936
oc=[1, 4, 5, 7, 9, 10, 13], z = 373.444384
oc=[1, 4, 5, 7, 9, 10, 13], z = 373.444384
oc=[2, 4, 5, 7, 8, 9, 11, 12, 13], z = 317.9384425983999
oc=[2, 4, 5, 7, 8, 9, 12, 13], z = 342.69369472
oc=[2, 4, 5, 7, 8, 9, 12, 13], z = 342.69369472
oc=[2, 7, 9, 12, 13], z = 399.51519999999994
oc=[2, 6, 7, 9, 11, 12, 13], z = 358.90303600000004
oc=[3, 4, 5, 6, 9, 10, 11, 13], z = 337.18426178217544
oc=[1, 2, 4, 8, 9, 11, 12, 13], z = 355.0464
oc=[1, 2, 4, 8, 9, 12, 13], z = 379.87119999999993
oc=[1, 2, 4, 8, 9, 12, 13], z = 379.87119999999993
oc=[1, 5, 6, 7, 9, 10, 11, 13], z = 367.57513358528
oc=[2, 4, 5, 6, 7, 9, 10, 11, 13], z = 322.5113190015808
oc=[1, 4, 7, 9, 10, 11, 13], z = 373.6656
oc=[1, 4, 7, 9, 10, 13], z = 406.28000000000003
oc=[1, 4, 7, 9, 10, 13], z = 406.28000000000003
oc=[3, 4, 8, 9, 10, 11, 13], z = 362.36929411840003
oc=[3, 4, 8, 9, 10, 13], z = 388.622712
oc=[3, 4, 8, 9, 10, 11, 13], z = 362.36929411840003
oc=[1, 2, 4, 7, 9, 11, 12, 13], z = 352.812
oc=[1, 2, 4, 7, 9, 12, 13], z = 383.75199999999995
oc=[1, 2, 4, 7, 9, 12, 13], z = 383.75199999999995
oc=[1, 2, 4, 7, 9, 10, 11, 13], z = 355.6175999999999
oc=[1, 2, 4, 7, 9, 10, 13], z = 388.23199999999997
oc=[1, 2, 4, 7, 9, 10, 13], z = 388.23199999999997
oc=[2, 3, 6, 7, 9, 10, 11, 13], z = 364.57963600000005
oc=[1, 2, 4, 6, 8, 9, 11, 12, 13], z = 363.53628799999996
oc=[1, 2, 4, 6, 8, 9, 12, 13], z = 388.3610879999999
oc=[1, 2, 4, 6, 8, 9, 11, 12, 13], z = 363.53628799999996
oc=[1, 2, 4, 8, 9, 10, 11, 13], z = 359.459424
oc=[1, 2, 4, 8, 9, 10, 13], z = 384.35119999999995
oc=[1, 2, 4, 8, 9, 10, 11, 13], z = 359.459424
oc=[1, 2, 3, 4, 5, 6, 7, 9, 12, 13], z = 322.7018048434649
oc=[1, 2, 7, 8, 9, 10, 11, 13], z = 385.37782400000003
oc=[1, 2, 7, 8, 9, 10, 13], z = 410.26959999999997
oc=[1, 2, 7, 8, 9, 10, 11, 13], z = 385.37782400000003
oc=[1, 2, 6, 7, 8, 9, 10, 11, 13], z = 375.7056600000001
oc=[1, 2, 6, 7, 8, 9, 10, 13], z = 400.597436
oc=[1, 2, 6, 7, 8, 9, 10, 13], z = 400.597436
oc=[2, 3, 4, 7, 8, 9, 10, 11, 13], z = 355.2412941184
oc=[2, 3, 4, 7, 8, 9, 10, 13], z = 381.49471199999994
oc=[2, 3, 4, 7, 8, 9, 10, 13], z = 381.49471199999994
oc=[1, 4, 8, 9, 10, 11, 13], z = 367.242624
oc=[1, 4, 8, 9, 10, 13], z = 392.1344
oc=[1, 4, 8, 9, 10, 11, 13], z = 367.242624
oc=[1, 4, 9, 10, 11, 13], z = 362.74559999999997
oc=[1, 4, 9, 10, 13], z = 395.36
oc=[1, 4, 9, 10, 11, 13], z = 362.74559999999997
oc=[4, 7, 8, 9, 11, 12, 13], z = 364.2496
oc=[4, 7, 8, 9, 12, 13], z = 389.07439999999997
oc=[4, 7, 8, 9, 12, 13], z = 389.07439999999997
oc=[4, 7, 9, 11, 12, 13], z = 361.36000000000007
oc=[4, 7, 9, 12, 13], z = 392.29999999999995
oc=[4, 7, 9, 12, 13], z = 392.29999999999995
oc=[3, 4, 5, 6, 7, 8, 9, 10, 11, 13], z = 355.31245140568706
oc=[3, 4, 5, 6, 7, 8, 9, 10, 13], z = 381.38624125837305
oc=[3, 4, 5, 6, 7, 8, 9, 10, 11, 13], z = 355.31245140568706
oc=[1, 2, 4, 6, 9, 11, 12, 13], z = 360.6466880000001
oc=[1, 2, 4, 6, 9, 12, 13], z = 391.58668800000004
oc=[1, 2, 4, 6, 9, 11, 12, 13], z = 360.6466880000001
oc=[1, 2, 7, 8, 9, 11, 12, 13], z = 380.9647999999999
oc=[1, 2, 7, 8, 9, 12, 13], z = 405.78960000000006
oc=[1, 2, 7, 8, 9, 11, 12, 13], z = 380.9647999999999
oc=[1, 4, 6, 7, 9, 11, 12, 13], z = 376.2712
oc=[1, 4, 6, 7, 9, 12, 13], z = 407.21119999999996
oc=[1, 4, 6, 7, 9, 12, 13], z = 407.21119999999996
oc=[1, 4, 5, 6, 7, 9, 11, 12, 13], z = 347.53830347120635
oc=[1, 4, 5, 6, 7, 9, 12, 13], z = 373.76865788416
oc=[1, 4, 5, 6, 7, 9, 11, 12, 13], z = 347.53830347120635
oc=[1, 2, 4, 5, 9, 10, 11, 13], z = 325.26527935999997
oc=[1, 2, 4, 5, 9, 10, 13], z = 354.741184
oc=[1, 2, 4, 5, 9, 10, 13], z = 354.741184
oc=[1, 4, 6, 7, 9, 10, 11, 13], z = 379.07680000000005
oc=[1, 4, 6, 7, 9, 10, 13], z = 411.6912
oc=[1, 4, 6, 7, 9, 10, 13], z = 411.6912
oc=[1, 5, 6, 7, 9, 10, 11, 13], z = 367.57513358528
oc=[1, 5, 6, 7, 9, 10, 13], z = 399.62005139199994
oc=[1, 5, 6, 7, 9, 10, 13], z = 399.62005139199994
oc=[1, 2, 5, 6, 7, 8, 9, 10, 11, 13], z = 366.9260794234111
oc=[1, 2, 5, 6, 7, 8, 9, 10, 13], z = 391.7950761356799
oc=[1, 2, 5, 6, 7, 8, 9, 10, 11, 13], z = 366.9260794234111
oc=[1, 4, 5, 6, 7, 9, 10, 11, 13], z = 351.4538640349184
oc=[1, 4, 5, 6, 7, 9, 10, 13], z = 378.24865788415997
oc=[1, 4, 5, 6, 7, 9, 10, 11, 13], z = 351.4538640349184
oc=[1, 4, 7, 8, 9, 10, 11, 13], z = 378.16262399999994
oc=[1, 4, 7, 8, 9, 10, 13], z = 403.0544
oc=[1, 4, 7, 8, 9, 10, 11, 13], z = 378.16262399999994
oc=[2, 4, 5, 6, 7, 9, 11, 12, 13], z = 318.5808973206587
oc=[2, 4, 5, 6, 7, 9, 12, 13], z = 344.7616569152
oc=[2, 4, 5, 6, 7, 9, 12, 13], z = 344.7616569152
oc=[1, 6, 7, 9, 10, 11, 13], z = 376.9056
oc=[1, 6, 7, 9, 10, 13], z = 409.52
oc=[1, 6, 7, 9, 10, 13], z = 409.52
oc=[1, 2, 4, 6, 7, 8, 9, 10, 11, 13], z = 370.37074192
oc=[1, 2, 4, 6, 7, 8, 9, 10, 13], z = 395.26251792
oc=[1, 2, 4, 6, 7, 8, 9, 10, 13], z = 395.26251792
oc=[1, 2, 4, 5, 6, 7, 8, 9, 10, 11, 13], z = 337.7943671019103
oc=[1, 2, 4, 5, 6, 7, 8, 9, 10, 13], z = 362.4439039128433
oc=[1, 2, 4, 5, 6, 7, 8, 9, 10, 13], z = 362.4439039128433
oc=[2, 3, 4, 5, 6, 7, 9, 10, 11, 13], z = 326.62400070890027
oc=[2, 3, 4, 5, 6, 7, 9, 10, 13], z = 354.5913833123934
oc=[2, 3, 4, 5, 6, 7, 9, 10, 13], z = 354.5913833123934
oc=[2, 3, 6, 9, 10, 11, 13], z = 359.35660000000007
oc=[2, 3, 6, 9, 10, 13], z = 391.971
oc=[2, 3, 6, 9, 10, 11, 13], z = 359.35660000000007
oc=[3, 5, 6, 9, 10, 11, 13], z = 350.84567372454393
oc=[3, 5, 6, 9, 10, 13], z = 383.40039516159993
oc=[3, 5, 6, 9, 10, 11, 13], z = 350.84567372454393
oc=[1, 2, 5, 6, 7, 8, 9, 11, 12, 13], z = 362.5130554234112
oc=[1, 4, 5, 7, 9, 11, 12, 13], z = 341.16287936000003
oc=[3, 4, 6, 7, 8, 9, 10, 11, 13], z = 378.70049411840006
oc=[3, 4, 6, 7, 8, 9, 10, 13], z = 404.95391199999995
oc=[3, 4, 6, 7, 8, 9, 10, 11, 13], z = 378.70049411840006
oc=[1, 2, 4, 9, 11, 12, 13], z = 352.1568
oc=[1, 2, 4, 9, 12, 13], z = 383.09680000000003
oc=[1, 2, 4, 9, 11, 12, 13], z = 352.1568
oc=[1, 6, 9, 10, 11, 13], z = 365.9856
oc=[1, 6, 9, 10, 13], z = 398.6
oc=[1, 6, 9, 10, 11, 13], z = 365.9856
oc=[1, 2, 4, 5, 6, 7, 8, 9, 11, 12, 13], z = 333.3363502346733
oc=[1, 2, 4, 5, 6, 7, 8, 9, 12, 13], z = 357.9639039128433
oc=[1, 2, 4, 5, 6, 7, 8, 9, 11, 12, 13], z = 333.3363502346733
oc=[1, 2, 4, 5, 6, 9, 10, 11, 13], z = 329.88147459594234
oc=[1, 2, 4, 5, 6, 9, 10, 13], z = 356.52834364416003
oc=[1, 2, 4, 5, 6, 9, 10, 11, 13], z = 329.88147459594234
oc=[1, 5, 7, 9, 11, 12, 13], z = 358.64287936000005
oc=[1, 5, 7, 9, 12, 13], z = 386.444384
oc=[1, 5, 7, 9, 11, 12, 13], z = 358.64287936000005
oc=[2, 6, 7, 9, 11, 12, 13], z = 358.90303600000004
oc=[2, 6, 7, 9, 12, 13], z = 389.84303600000004
oc=[2, 6, 7, 9, 12, 13], z = 389.84303600000004
oc=[2, 4, 5, 7, 9, 12, 13], z = 344.08506496
oc=[2, 6, 7, 8, 9, 10, 11, 13], z = 366.20566
oc=[2, 6, 7, 8, 9, 10, 13], z = 391.097436
oc=[2, 6, 7, 8, 9, 10, 13], z = 391.097436
oc=[2, 5, 6, 7, 8, 9, 10, 11, 13], z = 358.196695700224
oc=[2, 5, 6, 7, 8, 9, 10, 13], z = 383.0808214335999
oc=[2, 5, 6, 7, 8, 9, 10, 11, 13], z = 358.196695700224
oc=[1, 2, 3, 4, 5, 7, 8, 9, 12, 13], z = 322.7393085060652
oc=[2, 3, 5, 6, 7, 9, 10, 11, 13], z = 356.56552604454396
oc=[2, 3, 5, 6, 7, 9, 10, 13], z = 389.1202474816
oc=[2, 3, 5, 6, 7, 9, 10, 11, 13], z = 356.56552604454396
oc=[1, 2, 3, 7, 8, 9, 10, 11, 13], z = 359.4001189484927
oc=[1, 2, 9, 11, 12, 13], z = 377.41999999999996
oc=[1, 2, 9, 12, 13], z = 408.35999999999996
oc=[1, 2, 9, 12, 13], z = 408.35999999999996
oc=[1, 2, 5, 9, 11, 12, 13], z = 347.72287936000004
oc=[1, 2, 5, 9, 12, 13], z = 375.52438399999994
oc=[1, 2, 5, 9, 12, 13], z = 375.52438399999994
oc=[1, 2, 4, 5, 9, 11, 12, 13], z = 322.45967936
oc=[1, 2, 4, 5, 9, 12, 13], z = 350.26118400000007
oc=[1, 2, 4, 5, 9, 12, 13], z = 350.26118400000007
oc=[2, 3, 4, 5, 6, 9, 10, 11, 13], z = 326.5397900588131
oc=[2, 3, 4, 5, 6, 9, 10, 13], z = 354.59562143725566
oc=[2, 3, 4, 5, 6, 9, 10, 13], z = 354.59562143725566
oc=[3, 4, 6, 9, 10, 11, 13], z = 361.52780000000007
oc=[3, 4, 6, 9, 10, 13], z = 394.1422
oc=[3, 4, 6, 9, 10, 13], z = 394.1422
oc=[9, 10, 3, 13], z = 406.211
oc=[3, 4, 5, 6, 9, 10, 11, 13], z = 337.18426178217544
oc=[3, 4, 5, 6, 9, 10, 13], z = 365.30796105932797
oc=[3, 4, 5, 6, 9, 10, 13], z = 365.30796105932797
oc=[4, 9, 11, 12, 13], z = 350.43999999999994
oc=[9, 4, 12, 13], z = 381.38
oc=[4, 9, 11, 12, 13], z = 350.43999999999994
oc=[1, 9, 11, 12, 13], z = 377.42
oc=[9, 12, 13, 1], z = 408.36
oc=[1, 9, 11, 12, 13], z = 377.42
oc=[1, 5, 9, 11, 12, 13], z = 347.72287936
oc=[1, 5, 9, 12, 13], z = 375.524384
oc=[1, 5, 9, 12, 13], z = 375.524384
oc=[1, 2, 6, 9, 10, 11, 13], z = 365.9856000000001
oc=[1, 2, 6, 9, 10, 13], z = 398.6
oc=[1, 2, 6, 9, 10, 13], z = 398.6
oc=[1, 2, 5, 6, 9, 10, 11, 13], z = 356.65513358527994
oc=[1, 2, 5, 6, 9, 10, 13], z = 388.700051392
oc=[1, 2, 5, 6, 9, 10, 13], z = 388.700051392
oc=[1, 2, 4, 6, 9, 10, 11, 13], z = 363.45228800000007
oc=[1, 2, 4, 6, 9, 10, 13], z = 396.066688
oc=[1, 2, 4, 6, 9, 10, 11, 13], z = 363.45228800000007
oc=[2, 5, 7, 9, 11, 12, 13], z = 344.30215296
oc=[2, 5, 7, 9, 12, 13], z = 373.503456
oc=[2, 5, 7, 9, 11, 12, 13], z = 344.30215296
oc=[1, 2, 3, 4, 6, 8, 9, 10, 13], z = 388.2059171643905
oc=[1, 2, 3, 5, 8, 9, 10, 11, 13], z = 316.8236714419026
oc=[1, 2, 4, 9, 10, 11, 13], z = 354.9624
oc=[1, 2, 4, 9, 10, 13], z = 387.57680000000005
oc=[1, 2, 4, 9, 10, 11, 13], z = 354.9624
MIN - MONTE CARLO - OTIMIZADO
284.5 <- [1, 2, 3, 4, 5, 6, 7, 9, 11, 13]
MIN - EXAUSTIVO
248.1 <- [1, 2, 3, 4, 5, 6, 8, 9, 10, 11, 12, 13]
